0.0000 0.0000 5.0000 0.0000
0.1768 0.1768 3.5355 3.5355
0.3536 0.3536 3.5355 3.5355
0.5303 0.5303 3.5355 3.5355
0.7071 0.7071 3.5355 3.5355
0.8839 0.8839 3.5355 3.5355
1.0607 1.0607 3.5355 3.5355
1.2374 1.2374 3.5355 3.5355
1.4142 1.4142 3.5355 3.5355
1.5910 1.5910 3.5355 3.5355
1.7678 1.7678 3.5355 3.5355
1.9446 1.9446 3.5355 3.5355
2.1213 2.1213 3.5355 3.5355
2.2981 2.2981 3.5355 3.5355
2.4749 2.4749 3.5355 3.5355
2.6517 2.6517 3.5355 3.5355
2.8285 2.8285 3.5355 3.5355
3.0052 3.0052 3.5355 3.5355
3.1820 3.1820 3.5355 3.5355
3.3588 3.3588 3.5355 3.5355
3.5356 3.5356 3.5355 3.5355
3.7124 3.7124 3.5355 3.5355
3.8891 3.8891 3.5355 3.5355
4.0659 4.0659 3.5355 3.5355
4.2427 4.2427 3.5355 3.5355
4.4195 4.4195 3.5355 3.5355
4.5963 4.5963 3.5355 3.5355
4.7730 4.7730 3.5355 3.5355
4.9498 4.9498 3.5355 3.5355
5.1266 5.1266 3.5355 3.5355
5.3034 5.3034 3.5355 3.5355
5.4802 5.4802 3.5355 3.5355
5.6569 5.6569 3.5355 3.5355
5.8337 5.8337 3.5355 3.5355
6.0105 6.0105 3.5355 3.5355
6.1873 6.1873 3.5355 3.5355
6.3641 6.3641 3.5355 3.5355
6.5408 6.5408 3.5355 3.5355
6.7176 6.7176 3.5355 3.5355
6.8944 6.8944 3.5355 3.5355
7.0712 7.0712 3.5355 3.5355
7.2480 7.2480 3.5355 3.5355
7.4247 7.4247 3.5355 3.5355
7.6015 7.6015 3.5355 3.5355
7.7783 7.7783 3.5355 3.5355
7.9551 7.9551 3.5355 3.5355
8.1319 8.1319 3.5355 3.5355
8.3086 8.3086 3.5355 3.5355
8.4854 8.4854 3.5355 3.5355
8.6622 8.6622 3.5355 3.5355
8.8390 8.8390 3.5355 3.5355
9.0158 9.0158 3.5355 3.5355
9.1925 9.1925 3.5355 3.5355
9.3693 9.3693 3.5355 3.5355
9.5461 9.5461 3.5355 3.5355
9.7229 9.7229 3.5355 3.5355
9.8997 9.8997 3.5355 3.5355
10.0764 10.0764 3.5355 3.5355
10.2532 10.2532 3.5355 3.5355
10.4300 10.4300 3.5355 3.5355
10.6068 10.6068 3.5355 3.5355
10.7836 10.7836 3.5355 3.5355
10.9604 10.9604 3.5355 3.5355
11.1372 11.1372 3.5355 3.5355
11.3140 11.3140 3.5355 3.5355
11.4908 11.4908 3.5355 3.5355
11.6676 11.6676 3.5355 3.5355
11.8444 11.8444 3.5355 3.5355
12.0212 12.0212 3.5355 3.5355
12.1980 12.1980 3.5355 3.5355
12.3748 12.3748 3.5355 3.5355
12.5516 12.5516 3.5355 3.5355
12.7284 12.7284 3.5355 3.5355
12.9052 12.9052 3.5355 3.5355
13.0820 13.0820 3.5355 3.5355
13.2588 13.2588 3.5355 3.5355
13.4356 13.4356 3.5355 3.5355
13.6124 13.6124 3.5355 3.5355
13.7892 13.7892 3.5355 3.5355
13.9660 13.9660 3.5355 3.5355
14.1428 14.1428 3.5355 3.5355
14.3196 14.3196 3.5355 3.5355
14.4964 14.4964 3.5355 3.5355
14.6732 14.6732 3.5355 3.5355
14.8500 14.8500 3.5355 3.5355
15.0268 15.0268 3.5355 3.5355
15.2036 15.2036 3.5355 3.5355
15.3804 15.3804 3.5355 3.5355
15.5572 15.5572 3.5355 3.5355
15.7340 15.7340 3.5355 3.5355
15.9108 15.9108 3.5355 3.5355
16.0876 16.0876 3.5355 3.5355
16.2644 16.2644 3.5355 3.5355
16.4412 16.4412 3.5355 3.5355
16.6180 16.6180 3.5355 3.5355
16.7948 16.7948 3.5355 3.5355
16.9716 16.9716 3.5355 3.5355
17.1484 17.1484 3.5355 3.5355
17.3252 17.3252 3.5355 3.5355
17.5020 17.5020 3.5355 3.5355
17.6788 17.6788 3.5355 3.5355
17.8556 17.8556 3.5355 3.5355
18.0324 18.0324 3.5355 3.5355
18.2092 18.2092 3.5355 3.5355
18.3860 18.3860 3.5355 3.5355
18.5628 18.5628 3.5355 3.5355
18.7396 18.7396 3.5355 3.5355
18.9164 18.9164 3.5355 3.5355
19.0932 19.0932 3.5355 3.5355
19.2700 19.2700 3.5355 3.5355
19.4468 19.4468 3.5355 3.5355
19.6236 19.6236 3.5355 3.5355
19.8004 19.8004 3.5355 3.5355
19.9772 19.9772 3.5355 3.5355
20.1540 20.1540 3.5355 3.5355
20.3308 20.3308 3.5355 3.5355
20.5076 20.5076 3.5355 3.5355
20.6844 20.6844 3.5355 3.5355
20.8612 20.8612 3.5355 3.5355
21.0380 21.0380 3.5355 3.5355
21.2148 21.2148 3.5355 3.5355
21.3916 21.3916 3.5355 3.5355
21.5684 21.5684 3.5355 3.5355
21.7452 21.7452 3.5355 3.5355
21.9220 21.9220 3.5355 3.5355
22.0988 22.0988 3.5355 3.5355
22.2756 22.2756 3.5355 3.5355
22.4524 22.4524 3.5355 3.5355
22.6292 22.6292 3.5355 3.5355
22.8060 22.8060 3.5355 3.5355
22.9828 22.9828 3.5355 3.5355
23.1596 23.1596 3.5355 3.5355
23.3364 23.3364 3.5355 3.5355
23.5132 23.5132 3.5355 3.5355
23.6900 23.6900 3.5355 3.5355
23.8668 23.8668 3.5355 3.5355
24.0436 24.0436 3.5355 3.5355
24.2204 24.2204 3.5355 3.5355
24.3972 24.3972 3.5355 3.5355
24.5740 24.5740 3.5355 3.5355
24.7508 24.7508 3.5355 3.5355
24.9276 24.9276 3.5355 3.5355
25.1044 25.1044 3.5355 3.5355
25.2812 25.2812 3.5355 3.5355
25.4580 25.4580 3.5355 3.5355
25.6348 25.6348 3.5355 3.5355
25.8116 25.8116 3.5355 3.5355
25.9884 25.9884 3.5355 3.5355
26.1652 26.1652 3.5355 3.5355
26.3420 26.3420 3.5355 3.5355
26.5188 26.5188 3.5355 3.5355
26.6956 26.6956 3.5355 3.5355
26.8724 26.8724 3.5355 3.5355
27.0492 27.0492 3.5355 3.5355
27.2260 27.2260 3.5355 3.5355
27.4028 27.4028 3.5355 3.5355
27.5796 27.5796 3.5355 3.5355
27.7564 27.7564 3.5355 3.5355
27.9332 27.9332 3.5355 3.5355
28.1100 28.1100 3.5355 3.5355
28.2868 28.2868 3.5355 3.5355
28.4636 28.4636 3.5355 3.5355
28.6404 28.6404 3.5355 3.5355
28.8172 28.8172 3.5355 3.5355
28.9940 28.9940 3.5355 3.5355
29.1708 29.1708 3.5355 3.5355
29.3476 29.3476 3.5355 3.5355
29.5244 29.5244 3.5355 3.5355
29.7012 29.7012 3.5355 3.5355
29.8780 29.8780 3.5355 3.5355
30.0548 30.0548 3.5355 3.5355
30.2316 30.2316 3.5355 3.5355
30.4084 30.4084 3.5355 3.5355
30.5852 30.5852 3.5355 3.5355
30.7620 30.7620 3.5355 3.5355
30.9388 30.9388 3.5355 3.5355
31.1156 31.1156 3.5355 3.5355
31.2924 31.2924 3.5355 3.5355
31.4692 31.4692 3.5355 3.5355
31.6460 31.6460 3.5355 3.5355
31.8228 31.8228 3.5355 3.5355
31.9996 31.9996 3.5355 3.5355
32.1764 32.1764 3.5355 3.5355
32.3532 32.3532 3.5355 3.5355
32.5300 32.5300 3.5355 3.5355
32.7068 32.7068 3.5355 3.5355
32.8836 32.8836 3.5355 3.5355
33.0604 33.0604 3.5355 3.5355
33.2372 33.2372 3.5355 3.5355
33.4140 33.4140 3.5355 3.5355
33.5908 33.5908 3.5355 3.5355
33.7676 33.7676 3.5355 3.5355
33.9444 33.9444 3.5355 3.5355
34.1212 34.1212 3.5355 3.5355
34.2980 34.2980 3.5355 3.5355
34.4748 34.4748 3.5355 3.5355
34.6516 34.6516 3.5355 3.5355
34.8284 34.8284 3.5355 3.5355
35.0052 35.0052 3.5355 3.5355
35.1820 35.1820 3.5355 3.5355
35.3588 35.3588 3.5355 3.5355
35.5356 35.5356 3.5355 3.5355
35.7124 35.7124 3.5355 3.5355
35.8892 35.8892 3.5355 3.5355
36.0660 36.0660 3.5355 3.5355
36.2428 36.2428 3.5355 3.5355
36.4196 36.4196 3.5355 3.5355
36.5964 36.5964 3.5355 3.5355
36.7335 36.5356 2.7423 -1.2165
36.8706 36.4748 2.7421 -1.2168
36.9163 36.4545 0.9138 -0.4062
36.9620 36.4342 0.9138 -0.4061
37.0120 36.4342 1.0000 0.0000
37.0620 36.4342 1.0000 0.0000
37.1120 36.4342 1.0000 0.0000
37.1620 36.4342 1.0000 0.0000
37.2120 36.4342 1.0000 0.0000
37.2620 36.4342 1.0000 0.0000
37.3120 36.4342 1.0000 0.0000
37.3620 36.4342 1.0000 0.0000
37.4120 36.4342 1.0000 0.0000
37.4620 36.4342 1.0000 0.0000
37.5120 36.4342 1.0000 0.0000
37.5620 36.4342 1.0000 0.0000
37.6120 36.4342 1.0000 0.0000
37.6620 36.4342 1.0000 0.0000
37.7120 36.4342 1.0000 0.0000
37.7620 36.4342 1.0000 0.0000
37.8120 36.4342 1.0000 0.0000
37.8620 36.4342 1.0000 0.0000
37.9120 36.4342 1.0000 0.0000
37.9620 36.4342 1.0000 0.0000
38.0120 36.4342 1.0000 0.0000
38.0620 36.4342 1.0000 0.0000
38.1120 36.4342 1.0000 0.0000
38.1620 36.4342 1.0000 0.0000
38.2120 36.4342 1.0000 0.0000
38.2620 36.4342 1.0000 0.0000
38.3120 36.4342 1.0000 0.0000
38.3620 36.4342 1.0000 0.0000
38.4120 36.4342 1.0000 0.0000
38.4620 36.4342 1.0000 0.0000
38.5120 36.4342 1.0000 0.0000
38.5620 36.4342 1.0000 0.0000
38.6120 36.4342 1.0000 0.0000
38.6620 36.4342 1.0000 0.0000
38.7120 36.4342 1.0000 0.0000
38.7620 36.4342 1.0000 0.0000
38.8120 36.4342 1.0000 0.0000
38.8620 36.4342 1.0000 0.0000
38.9120 36.4342 1.0000 0.0000
38.9620 36.4342 1.0000 0.0000
39.0120 36.4342 1.0000 0.0000
39.0620 36.4342 1.0000 0.0000
39.1120 36.4342 1.0000 0.0000
39.1620 36.4342 1.0000 0.0000
39.2120 36.4342 1.0000 0.0000
39.2620 36.4342 1.0000 0.0000
39.3120 36.4342 1.0000 0.0000
39.3620 36.4342 1.0000 0.0000
39.4120 36.4342 1.0000 0.0000
39.4620 36.4342 1.0000 0.0000
39.5120 36.4342 1.0000 0.0000
39.5620 36.4342 1.0000 0.0000
39.6120 36.4342 1.0000 0.0000
39.6620 36.4342 1.0000 0.0000
39.7120 36.4342 1.0000 0.0000
39.7620 36.4342 1.0000 0.0000
39.8120 36.4342 1.0000 0.0000
39.8620 36.4342 1.0000 0.0000
39.9120 36.4342 1.0000 0.0000
39.9620 36.4342 1.0000 0.0000
40.0120 36.4342 1.0000 0.0000
40.0620 36.4342 1.0000 0.0000
40.1120 36.4342 1.0000 0.0000
40.1620 36.4342 1.0000 0.0000
40.2120 36.4342 1.0000 0.0000
40.2620 36.4342 1.0000 0.0000
40.3120 36.4342 1.0000 0.0000
40.3620 36.4342 1.0000 0.0000
40.4120 36.4342 1.0000 0.0000
40.4620 36.4342 1.0000 0.0000
40.5120 36.4342 1.0000 0.0000
40.5620 36.4342 1.0000 0.0000
40.6120 36.4342 1.0000 0.0000
40.6620 36.4342 1.0000 0.0000
40.7120 36.4342 1.0000 0.0000
40.7620 36.4342 1.0000 0.0000
40.8120 36.4342 1.0000 0.0000
40.8620 36.4342 1.0000 0.0000
40.9120 36.4342 1.0000 0.0000
40.9620 36.4342 1.0000 0.0000
41.0120 36.4342 1.0000 0.0000
41.0620 36.4342 1.0000 0.0000
41.1946 36.5044 2.6516 1.4033
41.3272 36.5745 2.6517 1.4030
41.3713 36.5980 0.8822 0.4709
41.4152 36.6220 0.8776 0.4794
41.4590 36.6462 0.8752 0.4837
41.5023 36.6712 0.8663 0.4995
41.5456 36.6961 0.8666 0.4990
41.5883 36.7221 0.8546 0.5194
41.6383 36.7221 1.0000 0.0000
41.7573 36.8134 2.3803 1.8260
41.8763 36.9047 2.3799 1.8265
41.9953 36.9960 2.3802 1.8260
42.0350 37.0265 0.7932 0.6090
42.0850 37.0265 1.0000 0.0000
42.1926 37.1310 2.1528 2.0894
42.3003 37.2354 2.1535 2.0886
42.4080 37.3399 2.1531 2.0891
42.4439 37.3747 0.7176 0.6964
42.4798 37.4095 0.7176 0.6965
42.5155 37.4445 0.7146 0.6995
42.6847 37.6286 3.3832 3.6816
42.8539 37.8127 3.3832 3.6816
43.0231 37.9968 3.3832 3.6816
43.1923 38.1809 3.3832 3.6816
43.3615 38.3650 3.3832 3.6816
43.5307 38.5491 3.3832 3.6816
43.6999 38.7332 3.3832 3.6816
43.8691 38.9173 3.3832 3.6816
44.0383 39.1014 3.3832 3.6816
44.2075 39.2855 3.3832 3.6816
44.3767 39.4696 3.3832 3.6816
44.5459 39.6537 3.3832 3.6816
44.7151 39.8378 3.3832 3.6816
44.8843 40.0219 3.3832 3.6816
45.0535 40.2060 3.3832 3.6816
45.2227 40.3901 3.3831 3.6816
45.3919 40.5742 3.3831 3.6816
45.5611 40.7583 3.3831 3.6816
45.7303 40.9424 3.3831 3.6816
45.8995 41.1265 3.3831 3.6816
46.0687 41.3106 3.3831 3.6816
46.2379 41.4947 3.3831 3.6816
46.4071 41.6788 3.3831 3.6816
46.5763 41.8629 3.3831 3.6816
46.7455 42.0470 3.3831 3.6816
46.9147 42.2311 3.3831 3.6816
47.0839 42.4152 3.3831 3.6816
47.2531 42.5993 3.3831 3.6816
47.4223 42.7834 3.3831 3.6816
47.5915 42.9675 3.3831 3.6816
47.7607 43.1516 3.3831 3.6816
47.9299 43.3357 3.3831 3.6816
48.0991 43.5198 3.3831 3.6816
48.2683 43.7039 3.3831 3.6816
48.4375 43.8880 3.3831 3.6816
48.6067 44.0721 3.3831 3.6816
48.7759 44.2562 3.3831 3.6816
48.9451 44.4403 3.3831 3.6816
49.1143 44.6244 3.3831 3.6816
49.2835 44.8085 3.3831 3.6816
49.4527 44.9926 3.3831 3.6816
49.6219 45.1767 3.3831 3.6816
49.7911 45.3608 3.3831 3.6816
49.9603 45.5449 3.3831 3.6816
50.1295 45.7290 3.3831 3.6816
50.2987 45.9131 3.3831 3.6816
50.4679 46.0972 3.3831 3.6816
50.6371 46.2813 3.3831 3.6816
50.8063 46.4654 3.3831 3.6816
50.9755 46.6495 3.3831 3.6816
51.1447 46.8336 3.3831 3.6816
51.3139 47.0177 3.3831 3.6816
51.4831 47.2018 3.3831 3.6816
51.6523 47.3859 3.3831 3.6816
51.8215 47.5700 3.3831 3.6817
51.9907 47.7541 3.3831 3.6817
52.1599 47.9382 3.3831 3.6817
52.3291 48.1223 3.3831 3.6817
52.4983 48.3064 3.3831 3.6817
52.6675 48.4905 3.3831 3.6817
52.8367 48.6746 3.3831 3.6817
53.0059 48.8587 3.3831 3.6817
53.1751 49.0428 3.3831 3.6817
53.3443 49.2269 3.3831 3.6817
53.5135 49.4110 3.3831 3.6817
53.6827 49.5951 3.3831 3.6817
53.8519 49.7792 3.3831 3.6817
54.0211 49.9633 3.3831 3.6817
54.1903 50.1474 3.3831 3.6817
54.3595 50.3315 3.3831 3.6817
54.5287 50.5156 3.3831 3.6817
54.6979 50.6997 3.3831 3.6817
54.8671 50.8838 3.3831 3.6817
55.0363 51.0679 3.3831 3.6817
55.2055 51.2520 3.3831 3.6817
55.3747 51.4361 3.3831 3.6817
55.5439 51.6202 3.3831 3.6817
55.7131 51.8043 3.3831 3.6817
55.8823 51.9884 3.3831 3.6817
56.0515 52.1725 3.3831 3.6817
56.2207 52.3566 3.3831 3.6817
56.3899 52.5407 3.3831 3.6817
56.5591 52.7248 3.3831 3.6817
56.7283 52.9089 3.3831 3.6817
56.8975 53.0930 3.3831 3.6817
57.0667 53.2771 3.3831 3.6817
57.2359 53.4612 3.3831 3.6817
57.4051 53.6453 3.3831 3.6817
57.5743 53.8294 3.3831 3.6817
57.7435 54.0135 3.3831 3.6817
57.9127 54.1976 3.3831 3.6817
58.0819 54.3817 3.3831 3.6817
58.2511 54.5658 3.3831 3.6817
58.4203 54.7499 3.3831 3.6817
58.5895 54.9340 3.3831 3.6817
58.7587 55.1181 3.3831 3.6817
58.9279 55.3022 3.3831 3.6817
59.0971 55.4863 3.3831 3.6817
59.2663 55.6704 3.3831 3.6817
59.4355 55.8545 3.3831 3.6817
59.6047 56.0386 3.3831 3.6817
59.7546 56.0342 2.9987 -0.0876
59.9045 56.0298 2.9987 -0.0875
60.0544 56.0254 2.9987 -0.0874
60.2043 56.0210 2.9987 -0.0873
60.3542 56.0166 2.9987 -0.0871
60.5041 56.0123 2.9987 -0.0868
60.6540 56.0079 2.9987 -0.0872
60.8039 56.0036 2.9988 -0.0861
60.8539 56.0021 0.9995 -0.0302
60.9039 56.0008 0.9996 -0.0267
60.9539 56.0002 0.9999 -0.0114
61.0039 55.9998 1.0000 -0.0089
61.0539 56.0002 1.0000 0.0089
61.1039 56.0010 0.9999 0.0166
61.1539 56.0022 0.9997 0.0248
61.2039 56.0041 0.9992 0.0389
61.2538 56.0064 0.9990 0.0452
61.3037 56.0092 0.9984 0.0562
61.3536 56.0123 0.9981 0.0617
61.4034 56.0163 0.9969 0.0792
61.4534 56.0163 1.0000 0.0000
61.6021 56.0361 2.9738 0.3956
61.6517 56.0427 0.9913 0.1317
61.7017 56.0427 1.0000 0.0000
61.8489 56.0714 2.9446 0.5739
61.8980 56.0810 0.9816 0.1911
61.9471 56.0905 0.9816 0.1908
61.9962 56.1000 0.9820 0.1891
62.0451 56.1105 0.9778 0.2094
62.0951 56.1105 1.0000 0.0000
62.2390 56.1527 2.8786 0.8449
62.3829 56.1950 2.8782 0.8460
62.4309 56.2091 0.9595 0.2816
62.4787 56.2236 0.9568 0.2906
62.5264 56.2385 0.9545 0.2983
62.5739 56.2541 0.9499 0.3127
62.6213 56.2700 0.9479 0.3184
62.6685 56.2866 0.9434 0.3316
62.7156 56.3035 0.9413 0.3375
62.7625 56.3208 0.9382 0.3462
62.8092 56.3387 0.9337 0.3581
62.8557 56.3572 0.9294 0.3691
62.9057 56.3572 1.0000 0.0000
63.0390 56.4259 2.6669 1.3740
63.1723 56.4946 2.6667 1.3742
63.2168 56.5175 0.8891 0.4578
63.2612 56.5404 0.8886 0.4586
63.3056 56.5633 0.8888 0.4583
63.3499 56.5865 0.8862 0.4633
63.3939 56.6102 0.8802 0.4747
63.4376 56.6345 0.8743 0.4854
63.4876 56.6345 1.0000 0.0000
63.6100 56.7213 2.4474 1.7351
63.7324 56.8080 2.4476 1.7347
63.8547 56.8948 2.4466 1.7361
63.8955 56.9237 0.8162 0.5778
63.9362 56.9527 0.8149 0.5796
63.9764 56.9825 0.8036 0.5952
64.0264 56.9825 1.0000 0.0000
64.1357 57.0853 2.1856 2.0551
64.2450 57.1880 2.1857 2.0549
64.3543 57.2907 2.1857 2.0549
64.3907 57.3250 0.7276 0.6860
64.4271 57.3593 0.7279 0.6857
64.4771 57.3593 1.0000 0.0000
64.6371 57.5514 3.2003 3.8416
64.7971 57.7435 3.2003 3.8416
64.9571 57.9356 3.2003 3.8416
65.1171 58.1277 3.2003 3.8416
65.2771 58.3198 3.2003 3.8416
65.4371 58.5119 3.2003 3.8416
65.5971 58.7040 3.2003 3.8416
65.7571 58.8961 3.2003 3.8416
65.9171 59.0882 3.2003 3.8416
66.0771 59.2803 3.2004 3.8416
66.2371 59.4724 3.2004 3.8416
66.3971 59.6645 3.2004 3.8416
66.5571 59.8566 3.2004 3.8416
66.7171 60.0487 3.2004 3.8416
66.8771 60.2408 3.2004 3.8416
67.0371 60.4329 3.2004 3.8416
67.1971 60.6250 3.2004 3.8416
67.3571 60.8171 3.2004 3.8416
67.5171 61.0092 3.2004 3.8416
67.6771 61.2013 3.2004 3.8416
67.8371 61.3934 3.2004 3.8416
67.9971 61.5855 3.2004 3.8416
68.1571 61.7776 3.2004 3.8416
68.3171 61.9697 3.2004 3.8416
68.4771 62.1618 3.2004 3.8416
68.6371 62.3539 3.2004 3.8416
68.7971 62.5460 3.2004 3.8416
68.9571 62.7381 3.2004 3.8415
69.1171 62.9302 3.2004 3.8415
69.2771 63.1223 3.2004 3.8415
69.4371 63.3144 3.2004 3.8415
69.5971 63.5065 3.2004 3.8415
69.7571 63.6986 3.2004 3.8415
69.9171 63.8907 3.2004 3.8415
70.0771 64.0828 3.2004 3.8415
70.2371 64.2749 3.2004 3.8415
70.3971 64.4670 3.2004 3.8415
70.5571 64.6591 3.2004 3.8415
70.7171 64.8512 3.2004 3.8415
70.8771 65.0433 3.2004 3.8415
71.0371 65.2354 3.2004 3.8415
71.1971 65.4275 3.2004 3.8415
71.3571 65.6196 3.2004 3.8415
71.5171 65.8117 3.2004 3.8415
71.6771 66.0038 3.2004 3.8415
71.8371 66.1959 3.2004 3.8415
71.9971 66.3880 3.2004 3.8415
72.1571 66.5801 3.2004 3.8415
72.3171 66.7722 3.2004 3.8415
72.4771 66.9643 3.2004 3.8415
72.6371 67.1564 3.2005 3.8415
72.7971 67.3485 3.2005 3.8415
72.9571 67.5406 3.2005 3.8415
73.1171 67.7327 3.2005 3.8415
73.2771 67.9248 3.2005 3.8415
73.4371 68.1169 3.2005 3.8415
73.5971 68.3090 3.2005 3.8415
73.7571 68.5011 3.2005 3.8415
73.9171 68.6932 3.2005 3.8415
74.0771 68.8853 3.2005 3.8415
74.2371 69.0774 3.2005 3.8415
74.3971 69.2695 3.2005 3.8415
74.5571 69.4616 3.2005 3.8415
74.7171 69.6537 3.2005 3.8415
74.8771 69.8458 3.2005 3.8415
75.0371 70.0379 3.2005 3.8415
75.1971 70.2300 3.2005 3.8415
75.3571 70.4221 3.2005 3.8415
75.5171 70.6142 3.2005 3.8414
75.6771 70.8063 3.2005 3.8414
75.8371 70.9984 3.2005 3.8414
75.9971 71.1905 3.2005 3.8414
76.1571 71.3826 3.2005 3.8414
76.3171 71.5747 3.2005 3.8414
76.2274 71.6949 -1.7934 2.4050
76.1378 71.8152 -1.7928 2.4054
76.0481 71.9354 -1.7937 2.4047
76.0182 71.9755 -0.5975 0.8019
75.9883 72.0156 -0.5970 0.8022
75.9586 72.0558 -0.5943 0.8043
75.9295 72.0965 -0.5820 0.8132
75.9795 72.0965 1.0000 0.0000
76.0295 72.0965 1.0000 0.0000
76.0795 72.0965 1.0000 0.0000
76.1295 72.0965 1.0000 0.0000
76.1795 72.0965 1.0000 0.0000
76.2295 72.0965 1.0000 0.0000
76.2795 72.0965 1.0000 0.0000
76.3295 72.0965 1.0000 0.0000
76.3795 72.0965 1.0000 0.0000
76.4295 72.0965 1.0000 0.0000
76.4795 72.0965 1.0000 0.0000
76.5295 72.0965 1.0000 0.0000
76.5795 72.0965 1.0000 0.0000
76.6295 72.0965 1.0000 0.0000
76.6795 72.0965 1.0000 0.0000
76.7295 72.0965 1.0000 0.0000
76.7795 72.0965 1.0000 0.0000
76.8295 72.0965 1.0000 0.0000
76.8795 72.0965 1.0000 0.0000
76.9295 72.0965 1.0000 0.0000
76.9795 72.0965 1.0000 0.0000
77.0295 72.0965 1.0000 0.0000
77.0795 72.0965 1.0000 0.0000
77.1295 72.0965 1.0000 0.0000
77.1795 72.0965 1.0000 0.0000
77.2295 72.0965 1.0000 0.0000
77.2795 72.0965 1.0000 0.0000
77.3295 72.0965 1.0000 0.0000
77.3795 72.0965 1.0000 0.0000
77.4295 72.0965 1.0000 0.0000
77.4795 72.0965 1.0000 0.0000
77.5295 72.0965 1.0000 0.0000
77.5795 72.0965 1.0000 0.0000
77.6295 72.0965 1.0000 0.0000
77.6795 72.0965 1.0000 0.0000
77.7295 72.0965 1.0000 0.0000
77.7795 72.0965 1.0000 0.0000
77.8295 72.0965 1.0000 0.0000
77.8795 72.0965 1.0000 0.0000
77.9295 72.0965 1.0000 0.0000
77.9795 72.0965 1.0000 0.0000
78.0295 72.0965 1.0000 0.0000
78.0795 72.0965 1.0000 0.0000
78.1295 72.0965 1.0000 0.0000
78.1795 72.0965 1.0000 0.0000
78.2295 72.0965 1.0000 0.0000
78.2795 72.0965 1.0000 0.0000
78.3295 72.0965 1.0000 0.0000
78.3795 72.0965 1.0000 0.0000
78.4295 72.0965 1.0000 0.0000
78.4795 72.0965 1.0000 0.0000
78.5295 72.0965 1.0000 0.0000
78.5795 72.0965 1.0000 0.0000
78.6295 72.0965 1.0000 0.0000
78.6795 72.0965 1.0000 0.0000
78.7295 72.0965 1.0000 0.0000
78.7795 72.0965 1.0000 0.0000
78.8295 72.0965 1.0000 0.0000
78.8795 72.0965 1.0000 0.0000
78.9295 72.0965 1.0000 0.0000
79.0295 72.0965 1.0000 0.0000
79.0795 72.0965 1.0000 0.0000
79.1295 72.0965 1.0000 0.0000
79.1795 72.0965 1.0000 0.0000
79.2295 72.0965 1.0000 0.0000
79.2795 72.0965 1.0000 0.0000
79.3295 72.0965 1.0000 0.0000
79.3795 72.0965 1.0000 0.0000
79.4295 72.0965 1.0000 0.0000
79.4795 72.0965 1.0000 0.0000
79.5295 72.0965 1.0000 0.0000
79.5795 72.0965 1.0000 0.0000
79.6295 72.0965 1.0000 0.0000
79.6795 72.0965 1.0000 0.0000
79.7295 72.0965 1.0000 0.0000
79.7795 72.0965 1.0000 0.0000
79.8295 72.0965 1.0000 0.0000
79.8795 72.0965 1.0000 0.0000
79.9295 72.0965 1.0000 0.0000
79.9795 72.0965 1.0000 0.0000
80.0295 72.0965 1.0000 0.0000
80.0795 72.0965 1.0000 0.0000
80.1295 72.0965 1.0000 0.0000
80.1795 72.0965 1.0000 0.0000
80.2295 72.0965 1.0000 0.0000
80.2795 72.0965 1.0000 0.0000
80.3295 72.0965 1.0000 0.0000
80.3795 72.0965 1.0000 0.0000
80.4295 72.0965 1.0000 0.0000
80.4795 72.0965 1.0000 0.0000
80.5295 72.0965 1.0000 0.0000
80.5795 72.0965 1.0000 0.0000
80.6295 72.0965 1.0000 0.0000
80.6795 72.0965 1.0000 0.0000
80.7295 72.0965 1.0000 0.0000
80.7795 72.0965 1.0000 0.0000
80.8295 72.0965 1.0000 0.0000
80.8795 72.0965 1.0000 0.0000
80.9295 72.0965 1.0000 0.0000
80.9795 72.0965 1.0000 0.0000
81.0295 72.0965 1.0000 0.0000
81.0795 72.0965 1.0000 0.0000
81.1295 72.0965 1.0000 0.0000
81.1795 72.0965 1.0000 0.0000
81.2295 72.0965 1.0000 0.0000
81.2795 72.0965 1.0000 0.0000
81.3295 72.0965 1.0000 0.0000
81.3795 72.0965 1.0000 0.0000
81.4295 72.0965 1.0000 0.0000
81.4795 72.0965 1.0000 0.0000
81.5295 72.0965 1.0000 0.0000
81.5795 72.0965 1.0000 0.0000
81.6295 72.0965 1.0000 0.0000
81.6795 72.0965 1.0000 0.0000
81.7295 72.0965 1.0000 0.0000
81.7795 72.0965 1.0000 0.0000
81.8295 72.0965 1.0000 0.0000
81.8795 72.0965 1.0000 0.0000
81.9295 72.0965 1.0000 0.0000
81.9795 72.0965 1.0000 0.0000
82.0295 72.0965 1.0000 0.0000
82.0795 72.0965 1.0000 0.0000
82.1295 72.0965 1.0000 0.0000
82.1795 72.0965 1.0000 0.0000
82.2295 72.0965 1.0000 0.0000
82.2795 72.0965 1.0000 0.0000
82.3295 72.0965 1.0000 0.0000
82.3795 72.0965 1.0000 0.0000
82.4295 72.0965 1.0000 0.0000
82.4795 72.0965 1.0000 0.0000
82.5295 72.0965 1.0000 0.0000
82.5795 72.0965 1.0000 0.0000
82.6295 72.0965 1.0000 0.0000
82.6795 72.0965 1.0000 0.0000
82.7295 72.0965 1.0000 0.0000
82.7795 72.0965 1.0000 0.0000
82.8295 72.0965 1.0000 0.0000
82.8795 72.0965 1.0000 0.0000
82.9295 72.0965 1.0000 0.0000
82.9795 72.0965 1.0000 0.0000
83.0295 72.0965 1.0000 0.0000
83.0795 72.0965 1.0000 0.0000
83.1295 72.0965 1.0000 0.0000
83.1795 72.0965 1.0000 0.0000
83.2295 72.0965 1.0000 0.0000
83.2795 72.0965 1.0000 0.0000
83.3295 72.0965 1.0000 0.0000
83.3795 72.0965 1.0000 0.0000
83.4295 72.0965 1.0000 0.0000
83.4795 72.0965 1.0000 0.0000
83.5295 72.0965 1.0000 0.0000
83.5795 72.0965 1.0000 0.0000
83.6295 72.0965 1.0000 0.0000
83.6795 72.0965 1.0000 0.0000
83.7295 72.0965 1.0000 0.0000
83.7795 72.0965 1.0000 0.0000
83.8295 72.0965 1.0000 0.0000
83.8795 72.0965 1.0000 0.0000
83.9295 72.0965 1.0000 0.0000
83.9795 72.0965 1.0000 0.0000
84.0295 72.0965 1.0000 0.0000
84.0795 72.0965 1.0000 0.0000
84.1598 72.2232 1.6051 2.5345
84.1865 72.2654 0.5348 0.8450
84.2133 72.3076 0.5359 0.8443
84.2399 72.3499 0.5324 0.8465
84.3637 72.5671 2.4760 4.3439
84.4875 72.7843 2.4760 4.3439
84.6113 73.0015 2.4760 4.3439
84.7351 73.2187 2.4760 4.3439
84.8589 73.4359 2.4760 4.3439
84.9827 73.6531 2.4760 4.3439
85.1065 73.8703 2.4760 4.3439
85.2303 74.0875 2.4760 4.3439
85.3541 74.3047 2.4760 4.3439
85.4779 74.5219 2.4760 4.3439
85.6017 74.7391 2.4760 4.3439
85.7255 74.9563 2.4760 4.3439
85.8493 75.1735 2.4760 4.3439
85.9731 75.3907 2.4760 4.3439
86.0969 75.6079 2.4760 4.3439
86.2207 75.8251 2.4760 4.3439
86.3445 76.0423 2.4760 4.3439
86.4683 76.2595 2.4760 4.3439
86.5921 76.4767 2.4760 4.3439
86.7159 76.6939 2.4760 4.3439
86.8397 76.9111 2.4760 4.3439
86.9635 77.1283 2.4760 4.3439
87.0873 77.3455 2.4760 4.3439
87.2111 77.5627 2.4760 4.3439
87.3349 77.7799 2.4760 4.3439
87.4587 77.9971 2.4760 4.3439
87.5825 78.2143 2.4760 4.3439
87.7063 78.4315 2.4760 4.3439
87.8301 78.6487 2.4760 4.3439
87.9539 78.8659 2.4760 4.3439
88.0777 79.0831 2.4760 4.3439
88.2015 79.3003 2.4760 4.3439
88.3253 79.5175 2.4760 4.3439
88.4491 79.7347 2.4760 4.3439
88.5729 79.9519 2.4760 4.3439
88.6967 80.1691 2.4760 4.3439
88.8205 80.3863 2.4760 4.3439
88.9443 80.6035 2.4760 4.3439
89.0681 80.8207 2.4760 4.3439
89.1919 81.0379 2.4760 4.3439
89.3157 81.2551 2.4760 4.3439
89.4395 81.4723 2.4760 4.3439
89.5633 81.6895 2.4760 4.3439
89.6871 81.9067 2.4760 4.3439
89.8109 82.1239 2.4760 4.3439
89.9347 82.3411 2.4760 4.3439
90.0585 82.5583 2.4760 4.3439
90.1823 82.7755 2.4760 4.3439
90.3061 82.9927 2.4760 4.3439
90.4299 83.2099 2.4760 4.3439
90.5537 83.4271 2.4760 4.3439
90.6775 83.6443 2.4760 4.3439
90.8013 83.8615 2.4760 4.3439
90.9251 84.0787 2.4760 4.3439
91.0489 84.2959 2.4760 4.3439
91.1727 84.5131 2.4760 4.3439
91.2965 84.7303 2.4760 4.3439
91.4203 84.9475 2.4760 4.3439
91.5441 85.1647 2.4760 4.3439
91.6679 85.3819 2.4760 4.3439
91.7917 85.5991 2.4760 4.3439
91.9155 85.8163 2.4760 4.3439
92.0393 86.0335 2.4760 4.3439
92.1631 86.2507 2.4760 4.3439
92.2869 86.4679 2.4760 4.3439
92.4107 86.6851 2.4760 4.3439
92.5345 86.9023 2.4760 4.3439
92.6583 87.1195 2.4760 4.3439
92.7821 87.3367 2.4760 4.3439
92.9059 87.5539 2.4760 4.3439
93.0297 87.7711 2.4760 4.3439
93.1535 87.9883 2.4760 4.3439
93.2773 88.2055 2.4760 4.3439
93.4011 88.4227 2.4760 4.3439
93.5249 88.6399 2.4760 4.3439
93.6487 88.8571 2.4760 4.3439
93.7725 89.0743 2.4760 4.3439
93.8963 89.2915 2.4760 4.3439
94.0201 89.5087 2.4760 4.3439
94.1439 89.7259 2.4760 4.3439
94.2677 89.9431 2.4760 4.3439
94.3915 90.1603 2.4760 4.3439
94.5153 90.3775 2.4760 4.3439
94.6391 90.5947 2.4760 4.3439
94.7629 90.8119 2.4760 4.3439
94.8867 91.0291 2.4760 4.3439
95.0105 91.2463 2.4760 4.3439
95.1343 91.4635 2.4760 4.3439
95.2581 91.6807 2.4760 4.3439
95.3819 91.8979 2.4760 4.3439
95.5057 92.1151 2.4760 4.3439
95.6295 92.3323 2.4760 4.3439
95.7533 92.5495 2.4760 4.3439
95.8771 92.7667 2.4760 4.3439
96.0009 92.9839 2.4760 4.3439
96.1247 93.2011 2.4760 4.3439
96.2485 93.4183 2.4760 4.3439
96.3723 93.6355 2.4760 4.3439
96.4961 93.8527 2.4760 4.3439
96.6199 94.0699 2.4760 4.3439
96.7437 94.2871 2.4760 4.3439
96.8675 94.5043 2.4760 4.3439
96.9913 94.7215 2.4760 4.3439
97.1151 94.9387 2.4760 4.3439
97.2389 95.1559 2.4760 4.3439
97.3627 95.3731 2.4760 4.3439
97.4865 95.5903 2.4760 4.3439
97.6103 95.8075 2.4760 4.3439
97.6351 95.8509 0.4952 0.8688
97.6599 95.8943 0.4952 0.8688
97.6847 95.9377 0.4952 0.8688
97.7095 95.9811 0.4952 0.8688
97.7343 96.0245 0.4952 0.8688
97.7591 96.0679 0.4951 0.8688
97.7839 96.1113 0.4951 0.8688
97.8087 96.1547 0.4951 0.8688
97.8335 96.1981 0.4951 0.8688
97.8583 96.2415 0.4951 0.8688
97.8831 96.2849 0.4951 0.8688
97.9079 96.3283 0.4951 0.8688
97.9327 96.3717 0.4951 0.8689
97.9575 96.4151 0.4951 0.8689
97.9823 96.4585 0.4950 0.8689
98.0071 96.5019 0.4950 0.8689
98.0319 96.5453 0.4950 0.8689
98.0566 96.5887 0.4950 0.8689
98.0814 96.6321 0.4950 0.8689
98.1061 96.6755 0.4950 0.8689
98.1308 96.7189 0.4950 0.8689
98.1555 96.7623 0.4950 0.8689
98.1803 96.8057 0.4950 0.8689
98.2050 96.8491 0.4950 0.8689
98.2297 96.8925 0.4950 0.8689
98.2544 96.9359 0.4950 0.8689
98.2792 96.9793 0.4950 0.8689
98.3039 97.0227 0.4950 0.8689
98.3286 97.0661 0.4950 0.8689
98.3533 97.1095 0.4950 0.8689
98.3781 97.1529 0.4950 0.8689
98.4028 97.1963 0.4950 0.8689
98.4275 97.2397 0.4950 0.8689
98.4522 97.2831 0.4950 0.8689
98.4770 97.3265 0.4950 0.8689
98.5017 97.3699 0.4950 0.8689
98.5264 97.4133 0.4950 0.8689
98.5511 97.4567 0.4950 0.8689
98.5759 97.5001 0.4950 0.8689
98.6006 97.5435 0.4950 0.8689
98.6253 97.5869 0.4950 0.8689
98.6500 97.6303 0.4950 0.8689
98.6748 97.6737 0.4950 0.8689
98.6995 97.7171 0.4950 0.8689
98.7242 97.7605 0.4950 0.8689
98.7489 97.8039 0.4950 0.8689
98.7737 97.8473 0.4950 0.8689
98.7984 97.8907 0.4950 0.8689
98.8231 97.9341 0.4950 0.8689
98.8478 97.9775 0.4950 0.8689
98.8726 98.0209 0.4950 0.8689
98.8973 98.0643 0.4950 0.8689
98.9220 98.1077 0.4950 0.8689
98.9467 98.1511 0.4950 0.8689
98.9714 98.1945 0.4950 0.8689
98.9962 98.2379 0.4950 0.8689
99.0209 98.2813 0.4950 0.8689
99.0456 98.3247 0.4950 0.8689
99.0703 98.3681 0.4950 0.8689
99.0951 98.4115 0.4950 0.8689
99.1198 98.4549 0.4950 0.8689
99.1445 98.4983 0.4950 0.8689
99.1692 98.5417 0.4950 0.8689
99.1940 98.5851 0.4950 0.8689
99.2187 98.6285 0.4950 0.8689
99.2434 98.6719 0.4950 0.8689
99.2681 98.7153 0.4950 0.8689
99.2929 98.7587 0.4950 0.8689
99.3176 98.8021 0.4950 0.8689
99.3423 98.8455 0.4950 0.8689
99.3670 98.8889 0.4950 0.8689
99.3918 98.9323 0.4950 0.8689
99.4165 98.9757 0.4950 0.8689
99.4412 99.0191 0.4950 0.8689
99.4659 99.0625 0.4950 0.8689
99.4907 99.1059 0.4950 0.8689
99.5154 99.1493 0.4950 0.8689
99.5401 99.1927 0.4950 0.8689
99.5648 99.2361 0.4950 0.8689
99.5896 99.2795 0.4950 0.8689
99.6143 99.3229 0.4949 0.8689
99.6390 99.3663 0.4950 0.8689
99.6637 99.4097 0.4950 0.8689
99.6885 99.4531 0.4950 0.8689
99.7132 99.4965 0.4949 0.8689
99.7379 99.5399 0.4949 0.8689
99.7626 99.5833 0.4950 0.8689
