0.0000 0.0000 5.0000 0.0000
0.0707 0.0707 3.5355 3.5355
0.1414 0.1414 3.5355 3.5355
0.2121 0.2121 3.5355 3.5355
0.2828 0.2828 3.5355 3.5355
0.3536 0.3536 3.5355 3.5355
0.4243 0.4243 3.5355 3.5355
0.4950 0.4950 3.5355 3.5355
0.5657 0.5657 3.5355 3.5355
0.6364 0.6364 3.5355 3.5355
0.7071 0.7071 3.5355 3.5355
0.7778 0.7778 3.5355 3.5355
0.8485 0.8485 3.5355 3.5355
0.9192 0.9192 3.5355 3.5355
0.9900 0.9900 3.5355 3.5355
1.0607 1.0607 3.5355 3.5355
1.1314 1.1314 3.5355 3.5355
1.2021 1.2021 3.5355 3.5355
1.2728 1.2728 3.5355 3.5355
1.3435 1.3435 3.5355 3.5355
1.4142 1.4142 3.5355 3.5355
1.4849 1.4849 3.5355 3.5355
1.5556 1.5556 3.5355 3.5355
1.6263 1.6263 3.5355 3.5355
1.6970 1.6970 3.5355 3.5355
1.7678 1.7678 3.5355 3.5355
1.8385 1.8385 3.5355 3.5355
1.9092 1.9092 3.5355 3.5355
1.9799 1.9799 3.5355 3.5355
2.0506 2.0506 3.5355 3.5355
2.1213 2.1213 3.5355 3.5355
2.1920 2.1920 3.5355 3.5355
2.2627 2.2627 3.5355 3.5355
2.3334 2.3334 3.5355 3.5355
2.4042 2.4042 3.5355 3.5355
2.4749 2.4749 3.5355 3.5355
2.5456 2.5456 3.5355 3.5355
2.6163 2.6163 3.5355 3.5355
2.6870 2.6870 3.5355 3.5355
2.7577 2.7577 3.5355 3.5355
2.8284 2.8284 3.5355 3.5355
2.8991 2.8991 3.5355 3.5355
2.9698 2.9698 3.5355 3.5355
3.0405 3.0405 3.5355 3.5355
3.1113 3.1113 3.5355 3.5355
3.1820 3.1820 3.5355 3.5355
3.2527 3.2527 3.5355 3.5355
3.3234 3.3234 3.5355 3.5355
3.3941 3.3941 3.5355 3.5355
3.4648 3.4648 3.5355 3.5355
3.5355 3.5355 3.5355 3.5355
3.6062 3.6062 3.5355 3.5355
3.6769 3.6769 3.5355 3.5355
3.7476 3.7476 3.5355 3.5355
3.8184 3.8184 3.5355 3.5355
3.8891 3.8891 3.5355 3.5355
3.9598 3.9598 3.5355 3.5355
4.0305 4.0305 3.5355 3.5355
4.1012 4.1012 3.5355 3.5355
4.1719 4.1719 3.5355 3.5355
4.2426 4.2426 3.5355 3.5355
4.3133 4.3133 3.5355 3.5355
4.3840 4.3840 3.5355 3.5355
4.4547 4.4547 3.5355 3.5355
4.5255 4.5255 3.5355 3.5355
4.5962 4.5962 3.5355 3.5355
4.6669 4.6669 3.5355 3.5355
4.7376 4.7376 3.5355 3.5355
4.8083 4.8083 3.5355 3.5355
4.8790 4.8790 3.5355 3.5355
4.9497 4.9497 3.5355 3.5355
5.0204 5.0204 3.5355 3.5355
5.0911 5.0911 3.5355 3.5355
5.1618 5.1618 3.5355 3.5355
5.2325 5.2325 3.5355 3.5355
5.3033 5.3033 3.5355 3.5355
5.3740 5.3740 3.5355 3.5355
5.4447 5.4447 3.5355 3.5355
5.5154 5.5154 3.5355 3.5355
5.5861 5.5861 3.5355 3.5355
5.6568 5.6568 3.5355 3.5355
5.7275 5.7275 3.5355 3.5355
5.7982 5.7982 3.5355 3.5355
5.8689 5.8689 3.5355 3.5355
5.9397 5.9397 3.5355 3.5355
6.0104 6.0104 3.5355 3.5355
6.0811 6.0811 3.5355 3.5355
6.1518 6.1518 3.5355 3.5355
6.2225 6.2225 3.5355 3.5355
6.2932 6.2932 3.5355 3.5355
6.3639 6.3639 3.5355 3.5355
6.4346 6.4346 3.5355 3.5355
6.5053 6.5053 3.5355 3.5355
6.5760 6.5760 3.5355 3.5355
6.6467 6.6467 3.5355 3.5355
6.7175 6.7175 3.5355 3.5355
6.7882 6.7882 3.5355 3.5355
6.8589 6.8589 3.5355 3.5355
6.9296 6.9296 3.5355 3.5355
7.0003 7.0003 3.5355 3.5355
7.0710 7.0710 3.5355 3.5355
7.1417 7.1417 3.5355 3.5355
7.2124 7.2124 3.5355 3.5355
7.2831 7.2831 3.5355 3.5355
7.3539 7.3539 3.5355 3.5355
7.4246 7.4246 3.5355 3.5355
7.4953 7.4953 3.5355 3.5355
7.5660 7.5660 3.5355 3.5355
7.6367 7.6367 3.5355 3.5355
7.7074 7.7074 3.5355 3.5355
7.7781 7.7781 3.5355 3.5355
7.8488 7.8488 3.5355 3.5355
7.9195 7.9195 3.5355 3.5355
7.9902 7.9902 3.5355 3.5355
8.0610 8.0610 3.5355 3.5355
8.1317 8.1317 3.5355 3.5355
8.2024 8.2024 3.5355 3.5355
8.2731 8.2731 3.5355 3.5355
8.3438 8.3438 3.5355 3.5355
8.4145 8.4145 3.5355 3.5355
8.4852 8.4852 3.5355 3.5355
8.5559 8.5559 3.5355 3.5355
8.6266 8.6266 3.5355 3.5355
8.6973 8.6973 3.5355 3.5355
8.7681 8.7681 3.5355 3.5355
8.8388 8.8388 3.5355 3.5355
8.9095 8.9095 3.5355 3.5355
8.9802 8.9802 3.5355 3.5355
9.0509 9.0509 3.5355 3.5355
9.1216 9.1216 3.5355 3.5355
9.1923 9.1923 3.5355 3.5355
9.2630 9.2630 3.5355 3.5355
9.3337 9.3337 3.5355 3.5355
9.4044 9.4044 3.5355 3.5355
9.4751 9.4751 3.5355 3.5355
9.5459 9.5459 3.5355 3.5355
9.6166 9.6166 3.5355 3.5355
9.6873 9.6873 3.5355 3.5355
9.7580 9.7580 3.5355 3.5355
9.8287 9.8287 3.5355 3.5355
9.8994 9.8994 3.5355 3.5355
9.9701 9.9701 3.5355 3.5355
10.0408 10.0408 3.5355 3.5355
10.1115 10.1115 3.5355 3.5355
10.1822 10.1822 3.5355 3.5355
10.2529 10.2529 3.5355 3.5355
10.3236 10.3236 3.5355 3.5355
10.3943 10.3943 3.5355 3.5355
10.4650 10.4650 3.5355 3.5355
10.5357 10.5357 3.5355 3.5355
10.6064 10.6064 3.5355 3.5355
10.6771 10.6771 3.5355 3.5355
10.7478 10.7478 3.5355 3.5355
10.8185 10.8185 3.5355 3.5355
10.8892 10.8892 3.5355 3.5355
10.9599 10.9599 3.5355 3.5355
11.0306 11.0306 3.5355 3.5355
11.1013 11.1013 3.5355 3.5355
11.1720 11.1720 3.5355 3.5355
11.2427 11.2427 3.5355 3.5355
11.3134 11.3134 3.5355 3.5355
11.3841 11.3841 3.5355 3.5355
11.4548 11.4548 3.5355 3.5355
11.5255 11.5255 3.5355 3.5355
11.5962 11.5962 3.5355 3.5355
11.6669 11.6669 3.5355 3.5355
11.7376 11.7376 3.5355 3.5355
11.8083 11.8083 3.5355 3.5355
11.8790 11.8790 3.5355 3.5355
11.9497 11.9497 3.5355 3.5355
12.0204 12.0204 3.5355 3.5355
12.0911 12.0911 3.5355 3.5355
12.1618 12.1618 3.5355 3.5355
12.2325 12.2325 3.5355 3.5355
12.3032 12.3032 3.5355 3.5355
12.3739 12.3739 3.5355 3.5355
12.4446 12.4446 3.5355 3.5355
12.5153 12.5153 3.5355 3.5355
12.5860 12.5860 3.5355 3.5355
12.6567 12.6567 3.5355 3.5355
12.7274 12.7274 3.5355 3.5355
12.7981 12.7981 3.5355 3.5355
12.8688 12.8688 3.5355 3.5355
12.9395 12.9395 3.5355 3.5355
13.0102 13.0102 3.5355 3.5355
13.0809 13.0809 3.5355 3.5355
13.1516 13.1516 3.5355 3.5355
13.2223 13.2223 3.5355 3.5355
13.2930 13.2930 3.5355 3.5355
13.3637 13.3637 3.5355 3.5355
13.4344 13.4344 3.5355 3.5355
13.5051 13.5051 3.5355 3.5355
13.5758 13.5758 3.5355 3.5355
13.6465 13.6465 3.5355 3.5355
13.7172 13.7172 3.5355 3.5355
13.7879 13.7879 3.5355 3.5355
13.8586 13.8586 3.5355 3.5355
13.9293 13.9293 3.5355 3.5355
14.0000 14.0000 3.5355 3.5355
14.0707 14.0707 3.5355 3.5355
14.1414 14.1414 3.5355 3.5355
14.2121 14.2121 3.5355 3.5355
14.2828 14.2828 3.5355 3.5355
14.3535 14.3535 3.5355 3.5355
14.4242 14.4242 3.5355 3.5355
14.4949 14.4949 3.5355 3.5355
14.5656 14.5656 3.5355 3.5355
14.6363 14.6363 3.5355 3.5355
14.7070 14.7070 3.5355 3.5355
14.7777 14.7777 3.5355 3.5355
14.8484 14.8484 3.5355 3.5355
14.9191 14.9191 3.5355 3.5355
14.9898 14.9898 3.5355 3.5355
15.0605 15.0605 3.5355 3.5355
15.1312 15.1312 3.5355 3.5355
15.2019 15.2019 3.5355 3.5355
15.2726 15.2726 3.5355 3.5355
15.3433 15.3433 3.5355 3.5355
15.4140 15.4140 3.5355 3.5355
15.4847 15.4847 3.5355 3.5355
15.5554 15.5554 3.5355 3.5355
15.6261 15.6261 3.5355 3.5355
15.6968 15.6968 3.5355 3.5355
15.7675 15.7675 3.5355 3.5355
15.8382 15.8382 3.5355 3.5355
15.9089 15.9089 3.5355 3.5355
15.9796 15.9796 3.5355 3.5355
16.0503 16.0503 3.5355 3.5355
16.1210 16.1210 3.5355 3.5355
16.1917 16.1917 3.5355 3.5355
16.2624 16.2624 3.5355 3.5355
16.3331 16.3331 3.5355 3.5355
16.4038 16.4038 3.5355 3.5355
16.4745 16.4745 3.5355 3.5355
16.5452 16.5452 3.5355 3.5355
16.6159 16.6159 3.5355 3.5355
16.6866 16.6866 3.5355 3.5355
16.7573 16.7573 3.5355 3.5355
16.8280 16.8280 3.5355 3.5355
16.8987 16.8987 3.5355 3.5355
16.9694 16.9694 3.5355 3.5355
17.0401 17.0401 3.5355 3.5355
17.1108 17.1108 3.5355 3.5355
17.1815 17.1815 3.5355 3.5355
17.2522 17.2522 3.5355 3.5355
17.3229 17.3229 3.5355 3.5355
17.3936 17.3936 3.5355 3.5355
17.4643 17.4643 3.5355 3.5355
17.5350 17.5350 3.5355 3.5355
17.6057 17.6057 3.5355 3.5355
17.6764 17.6764 3.5355 3.5355
17.7471 17.7471 3.5355 3.5355
17.8178 17.8178 3.5355 3.5355
17.8885 17.8885 3.5355 3.5355
17.9592 17.9592 3.5355 3.5355
18.0299 18.0299 3.5355 3.5355
18.1006 18.1006 3.5355 3.5355
18.1713 18.1713 3.5355 3.5355
18.2420 18.2420 3.5355 3.5355
18.3127 18.3127 3.5355 3.5355
18.3834 18.3834 3.5355 3.5355
18.4541 18.4541 3.5355 3.5355
18.5248 18.5248 3.5355 3.5355
18.5955 18.5955 3.5355 3.5355
18.6662 18.6662 3.5355 3.5355
18.7369 18.7369 3.5355 3.5355
18.8076 18.8076 3.5355 3.5355
18.8783 18.8783 3.5355 3.5355
18.9490 18.9490 3.5355 3.5355
19.0197 19.0197 3.5355 3.5355
19.0904 19.0904 3.5355 3.5355
19.1611 19.1611 3.5355 3.5355
19.2318 19.2318 3.5355 3.5355
19.3025 19.3025 3.5355 3.5355
19.3732 19.3732 3.5355 3.5355
19.4439 19.4439 3.5355 3.5355
19.5146 19.5146 3.5355 3.5355
19.5853 19.5853 3.5355 3.5355
19.6560 19.6560 3.5355 3.5355
19.7267 19.7267 3.5355 3.5355
19.7974 19.7974 3.5355 3.5355
19.8681 19.8681 3.5355 3.5355
19.9388 19.9388 3.5355 3.5355
20.0095 20.0095 3.5355 3.5355
20.0802 20.0802 3.5355 3.5355
20.1509 20.1509 3.5355 3.5355
20.2216 20.2216 3.5355 3.5355
20.2923 20.2923 3.5355 3.5355
20.3630 20.3630 3.5355 3.5355
20.4337 20.4337 3.5355 3.5355
20.5044 20.5044 3.5355 3.5355
20.5751 20.5751 3.5355 3.5355
20.6458 20.6458 3.5355 3.5355
20.7165 20.7165 3.5355 3.5355
20.7872 20.7872 3.5355 3.5355
20.8579 20.8579 3.5355 3.5355
20.9286 20.9286 3.5355 3.5355
20.9993 20.9993 3.5355 3.5355
21.0700 21.0700 3.5355 3.5355
21.1407 21.1407 3.5355 3.5355
21.2114 21.2114 3.5355 3.5355
21.2821 21.2821 3.5355 3.5355
21.3528 21.3528 3.5355 3.5355
21.4235 21.4235 3.5355 3.5355
21.4942 21.4942 3.5355 3.5355
21.5649 21.5649 3.5355 3.5355
21.6356 21.6356 3.5355 3.5355
21.7063 21.7063 3.5355 3.5355
21.7770 21.7770 3.5355 3.5355
21.8477 21.8477 3.5355 3.5355
21.9184 21.9184 3.5355 3.5355
21.9891 21.9891 3.5355 3.5355
22.0598 22.0598 3.5355 3.5355
22.1305 22.1305 3.5355 3.5355
22.2012 22.2012 3.5355 3.5355
22.2719 22.2719 3.5355 3.5355
22.3426 22.3426 3.5355 3.5355
22.4133 22.4133 3.5355 3.5355
22.4840 22.4840 3.5355 3.5355
22.5547 22.5547 3.5355 3.5355
22.6254 22.6254 3.5355 3.5355
22.6961 22.6961 3.5355 3.5355
22.7668 22.7668 3.5355 3.5355
22.8375 22.8375 3.5355 3.5355
22.9082 22.9082 3.5355 3.5355
22.9789 22.9789 3.5355 3.5355
23.0496 23.0496 3.5355 3.5355
23.1203 23.1203 3.5355 3.5355
23.1910 23.1910 3.5355 3.5355
23.2617 23.2617 3.5355 3.5355
23.3324 23.3324 3.5355 3.5355
23.4031 23.4031 3.5355 3.5355
23.4738 23.4738 3.5355 3.5355
23.5445 23.5445 3.5355 3.5355
23.6152 23.6152 3.5355 3.5355
23.6859 23.6859 3.5355 3.5355
23.7566 23.7566 3.5355 3.5355
23.8273 23.8273 3.5355 3.5355
23.8980 23.8980 3.5355 3.5355
23.9687 23.9687 3.5355 3.5355
24.0394 24.0394 3.5355 3.5355
24.1101 24.1101 3.5355 3.5355
24.1808 24.1808 3.5355 3.5355
24.2515 24.2515 3.5355 3.5355
24.3222 24.3222 3.5355 3.5355
24.3929 24.3929 3.5355 3.5355
24.4636 24.4636 3.5355 3.5355
24.5343 24.5343 3.5355 3.5355
24.6050 24.6050 3.5355 3.5355
24.6757 24.6757 3.5355 3.5355
24.7464 24.7464 3.5355 3.5355
24.8171 24.8171 3.5355 3.5355
24.8878 24.8878 3.5355 3.5355
24.9585 24.9585 3.5355 3.5355
25.0292 25.0292 3.5355 3.5355
25.0999 25.0999 3.5355 3.5355
25.1706 25.1706 3.5355 3.5355
25.2413 25.2413 3.5355 3.5355
25.3120 25.3120 3.5355 3.5355
25.3827 25.3827 3.5355 3.5355
25.4534 25.4534 3.5355 3.5355
25.5241 25.5241 3.5355 3.5355
25.5948 25.5948 3.5355 3.5355
25.6655 25.6655 3.5355 3.5355
25.7362 25.7362 3.5355 3.5355
25.8069 25.8069 3.5355 3.5355
25.8776 25.8776 3.5355 3.5355
25.9483 25.9483 3.5355 3.5355
26.0190 26.0190 3.5355 3.5355
26.0897 26.0897 3.5355 3.5355
26.1604 26.1604 3.5355 3.5355
26.2311 26.2311 3.5355 3.5355
26.3018 26.3018 3.5355 3.5355
26.3725 26.3725 3.5355 3.5355
26.4432 26.4432 3.5355 3.5355
26.5139 26.5139 3.5355 3.5355
26.5846 26.5846 3.5355 3.5355
26.6553 26.6553 3.5355 3.5355
26.7260 26.7260 3.5355 3.5355
26.7967 26.7967 3.5355 3.5355
26.8674 26.8674 3.5355 3.5355
26.9381 26.9381 3.5355 3.5355
27.0088 27.0088 3.5355 3.5355
27.0795 27.0795 3.5355 3.5355
27.1502 27.1502 3.5355 3.5355
27.2209 27.2209 3.5355 3.5355
27.2916 27.2916 3.5355 3.5355
27.3623 27.3623 3.5355 3.5355
27.4330 27.4330 3.5355 3.5355
27.5037 27.5037 3.5355 3.5355
27.5744 27.5744 3.5355 3.5355
27.6451 27.6451 3.5355 3.5355
27.7158 27.7158 3.5355 3.5355
27.7865 27.7865 3.5355 3.5355
27.8572 27.8572 3.5355 3.5355
27.9279 27.9279 3.5355 3.5355
27.9986 27.9986 3.5355 3.5355
28.0693 28.0693 3.5355 3.5355
28.1400 28.1400 3.5355 3.5355
28.2107 28.2107 3.5355 3.5355
28.2814 28.2814 3.5355 3.5355
28.3521 28.3521 3.5355 3.5355
28.4228 28.4228 3.5355 3.5355
28.4935 28.4935 3.5355 3.5355
28.5642 28.5642 3.5355 3.5355
28.6349 28.6349 3.5355 3.5355
28.7056 28.7056 3.5355 3.5355
28.7763 28.7763 3.5355 3.5355
28.8470 28.8470 3.5355 3.5355
28.9177 28.9177 3.5355 3.5355
28.9884 28.9884 3.5355 3.5355
29.0591 29.0591 3.5355 3.5355
29.1298 29.1298 3.5355 3.5355
29.2005 29.2005 3.5355 3.5355
29.2712 29.2712 3.5355 3.5355
29.3419 29.3419 3.5355 3.5355
29.4126 29.4126 3.5355 3.5355
29.4833 29.4833 3.5355 3.5355
29.5540 29.5540 3.5355 3.5355
29.6247 29.6247 3.5355 3.5355
29.6954 29.6954 3.5355 3.5355
29.7661 29.7661 3.5355 3.5355
29.8368 29.8368 3.5355 3.5355
29.9075 29.9075 3.5355 3.5355
29.9782 29.9782 3.5355 3.5355
30.0489 30.0489 3.5355 3.5355
30.1196 30.1196 3.5355 3.5355
30.1903 30.1903 3.5355 3.5355
30.2610 30.2610 3.5355 3.5355
30.3317 30.3317 3.5355 3.5355
30.4024 30.4024 3.5355 3.5355
30.4731 30.4731 3.5355 3.5355
30.5438 30.5438 3.5355 3.5355
30.6145 30.6145 3.5355 3.5355
30.6852 30.6852 3.5355 3.5355
30.7559 30.7559 3.5355 3.5355
30.8266 30.8266 3.5355 3.5355
30.8973 30.8973 3.5355 3.5355
30.9680 30.9680 3.5355 3.5355
31.0387 31.0387 3.5355 3.5355
31.1094 31.1094 3.5355 3.5355
31.1801 31.1801 3.5355 3.5355
31.2508 31.2508 3.5355 3.5355
31.3215 31.3215 3.5355 3.5355
31.3922 31.3922 3.5355 3.5355
31.4629 31.4629 3.5355 3.5355
31.5336 31.5336 3.5355 3.5355
31.6043 31.6043 3.5355 3.5355
31.6750 31.6750 3.5355 3.5355
31.7457 31.7457 3.5355 3.5355
31.8164 31.8164 3.5355 3.5355
31.8871 31.8871 3.5355 3.5355
31.9578 31.9578 3.5355 3.5355
32.0285 32.0285 3.5355 3.5355
32.0992 32.0992 3.5355 3.5355
32.1699 32.1699 3.5355 3.5355
32.2406 32.2406 3.5355 3.5355
32.3113 32.3113 3.5355 3.5355
32.3820 32.3820 3.5355 3.5355
32.4527 32.4527 3.5355 3.5355
32.5234 32.5234 3.5355 3.5355
32.5941 32.5941 3.5355 3.5355
32.6648 32.6648 3.5355 3.5355
32.7355 32.7355 3.5355 3.5355
32.8062 32.8062 3.5355 3.5355
32.8769 32.8769 3.5355 3.5355
32.9476 32.9476 3.5355 3.5355
33.0183 33.0183 3.5355 3.5355
33.0890 33.0890 3.5355 3.5355
33.1597 33.1597 3.5355 3.5355
33.2304 33.2304 3.5355 3.5355
33.3011 33.3011 3.5355 3.5355
33.3718 33.3718 3.5355 3.5355
33.4425 33.4425 3.5355 3.5355
33.5132 33.5132 3.5355 3.5355
33.5839 33.5839 3.5355 3.5355
33.6546 33.6546 3.5355 3.5355
33.7253 33.7253 3.5355 3.5355
33.7960 33.7960 3.5355 3.5355
33.8667 33.8667 3.5355 3.5355
33.9374 33.9374 3.5355 3.5355
34.0081 34.0081 3.5355 3.5355
34.0788 34.0788 3.5355 3.5355
34.1495 34.1495 3.5355 3.5355
34.2202 34.2202 3.5355 3.5355
34.2909 34.2909 3.5355 3.5355
34.3616 34.3616 3.5355 3.5355
34.4323 34.4323 3.5355 3.5355
34.5030 34.5030 3.5355 3.5355
34.5737 34.5737 3.5355 3.5355
34.6444 34.6444 3.5355 3.5355
34.7151 34.7151 3.5355 3.5355
34.7858 34.7858 3.5355 3.5355
34.8565 34.8565 3.5355 3.5355
34.9272 34.9272 3.5355 3.5355
34.9979 34.9979 3.5355 3.5355
35.0686 35.0686 3.5355 3.5355
35.1393 35.1393 3.5355 3.5355
35.2100 35.2100 3.5355 3.5355
35.2807 35.2807 3.5355 3.5355
35.3514 35.3514 3.5355 3.5355
35.4221 35.4221 3.5355 3.5355
35.4928 35.4928 3.5355 3.5355
35.5635 35.5635 3.5355 3.5355
35.6342 35.6342 3.5355 3.5355
35.7049 35.7049 3.5355 3.5355
35.7756 35.7756 3.5355 3.5355
35.8463 35.8463 3.5355 3.5355
35.9170 35.9170 3.5355 3.5355
35.9877 35.9877 3.5355 3.5355
36.0584 36.0584 3.5355 3.5355
36.1291 36.1291 3.5355 3.5355
36.1998 36.1998 3.5355 3.5355
36.2705 36.2705 3.5355 3.5355
36.3412 36.3412 3.5355 3.5355
36.4119 36.4119 3.5355 3.5355
36.4826 36.4826 3.5355 3.5355
36.5533 36.5533 3.5355 3.5355
36.6240 36.6240 3.5355 3.5355
36.6836 36.6168 2.9784 -0.3596
36.7432 36.6096 2.9785 -0.3584
36.8028 36.6025 2.9787 -0.3572
36.8624 36.5954 2.9788 -0.3560
36.9220 36.5883 2.9789 -0.3548
36.9816 36.5812 2.9791 -0.3535
37.0412 36.5742 2.9792 -0.3523
37.1008 36.5672 2.9794 -0.3510
37.1604 36.5602 2.9795 -0.3498
37.2200 36.5532 2.9797 -0.3484
37.2796 36.5463 2.9798 -0.3471
37.3392 36.5394 2.9800 -0.3458
37.3988 36.5325 2.9801 -0.3445
37.4584 36.5256 2.9803 -0.3432
37.5180 36.5188 2.9805 -0.3418
37.5776 36.5120 2.9806 -0.3405
37.6372 36.5052 2.9808 -0.3391
37.6968 36.4984 2.9809 -0.3377
37.7564 36.4917 2.9811 -0.3363
37.8160 36.4850 2.9812 -0.3349
37.8756 36.4783 2.9814 -0.3335
37.9352 36.4717 2.9816 -0.3320
37.9948 36.4651 2.9817 -0.3306
38.0544 36.4585 2.9819 -0.3291
38.1140 36.4519 2.9821 -0.3276
38.1736 36.4454 2.9822 -0.3261
38.2332 36.4389 2.9824 -0.3246
38.2929 36.4324 2.9826 -0.3231
38.3526 36.4260 2.9827 -0.3216
38.4123 36.4196 2.9829 -0.3200
38.4720 36.4132 2.9831 -0.3184
38.5317 36.4069 2.9832 -0.3168
38.5914 36.4006 2.9834 -0.3152
38.6511 36.3943 2.9836 -0.3137
38.7108 36.3881 2.9837 -0.3120
38.7705 36.3819 2.9839 -0.3104
38.8302 36.3757 2.9841 -0.3087
38.8899 36.3696 2.9842 -0.3070
38.9496 36.3635 2.9844 -0.3053
39.0093 36.3574 2.9846 -0.3036
39.0690 36.3514 2.9848 -0.3019
39.1287 36.3454 2.9849 -0.3001
39.1884 36.3394 2.9851 -0.2984
39.2481 36.3335 2.9853 -0.2965
39.3078 36.3276 2.9855 -0.2947
39.3675 36.3217 2.9857 -0.2929
39.4272 36.3159 2.9859 -0.2910
39.4869 36.3101 2.9860 -0.2891
39.5466 36.3044 2.9862 -0.2872
39.6063 36.2987 2.9864 -0.2853
39.6660 36.2930 2.9866 -0.2833
39.7257 36.2874 2.9868 -0.2813
39.7854 36.2818 2.9870 -0.2794
39.8451 36.2763 2.9872 -0.2773
39.9048 36.2708 2.9873 -0.2753
39.9646 36.2653 2.9875 -0.2732
40.0244 36.2599 2.9877 -0.2711
40.0842 36.2545 2.9879 -0.2689
40.1440 36.2492 2.9881 -0.2668
40.2038 36.2439 2.9883 -0.2646
40.2636 36.2387 2.9885 -0.2624
40.3234 36.2335 2.9887 -0.2601
40.3832 36.2283 2.9889 -0.2579
40.4430 36.2232 2.9891 -0.2555
40.5028 36.2181 2.9893 -0.2532
40.5710 36.2912 3.4106 3.6562
40.6307 36.2850 2.9839 -0.3104
40.6904 36.2788 2.9842 -0.3079
40.7585 36.3520 3.4066 3.6600
40.8180 36.3446 2.9773 -0.3685
40.8776 36.3373 2.9776 -0.3658
40.9456 36.4106 3.4025 3.6638
41.0050 36.4020 2.9690 -0.4301
41.0730 36.4753 3.4004 3.6657
41.1322 36.4654 2.9585 -0.4974
41.2002 36.5388 3.3983 3.6677
41.2591 36.5274 2.9458 -0.5677
41.3270 36.6008 3.3961 3.6697
41.3856 36.5880 2.9307 -0.6410
41.4535 36.6614 3.3939 3.6717
41.5118 36.6470 2.9129 -0.7175
41.5796 36.7205 3.3917 3.6738
41.6374 36.7046 2.8921 -0.7973
41.7052 36.7781 3.3894 3.6759
41.7730 36.8516 3.3894 3.6759
41.8298 36.8322 2.8391 -0.9693
41.8975 36.9058 3.3870 3.6780
41.9652 36.9794 3.3870 3.6780
42.0206 36.9564 2.7705 -1.1508
42.0883 37.0300 3.3846 3.6803
42.1560 37.1036 3.3846 3.6803
42.2237 37.1772 3.3846 3.6803
42.2914 37.2508 3.3846 3.6803
42.3429 37.2201 2.5774 -1.5352
42.4105 37.2938 3.3821 3.6826
42.4781 37.3675 3.3821 3.6826
42.5457 37.4412 3.3821 3.6826
42.6133 37.5149 3.3821 3.6826
42.6809 37.5886 3.3821 3.6826
42.7485 37.6623 3.3821 3.6826
42.8161 37.7360 3.3821 3.6826
42.8837 37.8097 3.3821 3.6826
42.9513 37.8834 3.3821 3.6826
43.0189 37.9571 3.3821 3.6826
43.0865 38.0308 3.3821 3.6826
43.1541 38.1045 3.3821 3.6826
43.2217 38.1782 3.3821 3.6826
43.2893 38.2519 3.3821 3.6826
43.3569 38.3256 3.3821 3.6826
43.4245 38.3993 3.3821 3.6825
43.4921 38.4730 3.3821 3.6825
43.5597 38.5467 3.3821 3.6825
43.6273 38.6204 3.3821 3.6825
43.6949 38.6941 3.3821 3.6825
43.7625 38.7678 3.3821 3.6825
43.8301 38.8415 3.3821 3.6825
43.8977 38.9152 3.3822 3.6825
43.9653 38.9889 3.3822 3.6825
44.0329 39.0626 3.3822 3.6825
44.1005 39.1363 3.3822 3.6825
44.1681 39.2100 3.3822 3.6825
44.2357 39.2837 3.3822 3.6825
44.3033 39.3574 3.3822 3.6825
44.3709 39.4311 3.3822 3.6825
44.4385 39.5048 3.3822 3.6825
44.5061 39.5785 3.3822 3.6825
44.5737 39.6522 3.3822 3.6825
44.6413 39.7259 3.3822 3.6825
44.7089 39.7995 3.3822 3.6825
44.7765 39.8731 3.3822 3.6825
44.8441 39.9467 3.3822 3.6825
44.9117 40.0203 3.3822 3.6825
44.9793 40.0939 3.3822 3.6825
45.0469 40.1675 3.3822 3.6825
45.1145 40.2411 3.3822 3.6825
45.1821 40.3147 3.3822 3.6825
45.2497 40.3883 3.3822 3.6825
45.3173 40.4619 3.3822 3.6825
45.3849 40.5355 3.3822 3.6825
45.4525 40.6091 3.3822 3.6825
45.5201 40.6828 3.3822 3.6825
45.5877 40.7564 3.3822 3.6825
45.6553 40.8300 3.3822 3.6825
45.7229 40.9036 3.3822 3.6825
45.7905 40.9772 3.3822 3.6825
45.8581 41.0508 3.3822 3.6825
45.9257 41.1244 3.3822 3.6825
45.9933 41.1980 3.3822 3.6825
46.0609 41.2716 3.3822 3.6825
46.1285 41.3452 3.3822 3.6825
46.1961 41.4188 3.3822 3.6825
46.2637 41.4924 3.3822 3.6825
46.3313 41.5660 3.3822 3.6825
46.3989 41.6396 3.3822 3.6825
46.4665 41.7132 3.3822 3.6825
46.5341 41.7868 3.3822 3.6825
46.6017 41.8604 3.3822 3.6825
46.6693 41.9340 3.3822 3.6825
46.7369 42.0076 3.3822 3.6825
46.8045 42.0812 3.3822 3.6825
46.8721 42.1548 3.3822 3.6825
46.9397 42.2284 3.3822 3.6825
47.0073 42.3020 3.3822 3.6825
47.0749 42.3756 3.3822 3.6825
47.1425 42.4492 3.3822 3.6825
47.2101 42.5228 3.3822 3.6825
47.2777 42.5964 3.3822 3.6825
47.3453 42.6700 3.3822 3.6825
47.4129 42.7436 3.3822 3.6825
47.4805 42.8172 3.3822 3.6825
47.5481 42.8908 3.3822 3.6825
47.6157 42.9644 3.3822 3.6825
47.6833 43.0380 3.3822 3.6825
47.7509 43.1116 3.3822 3.6825
47.8185 43.1852 3.3822 3.6825
47.8861 43.2588 3.3822 3.6825
47.9537 43.3324 3.3822 3.6825
48.0213 43.4060 3.3822 3.6825
48.0889 43.4796 3.3822 3.6825
48.1565 43.5532 3.3822 3.6825
48.2241 43.6268 3.3822 3.6825
48.2917 43.7004 3.3822 3.6825
48.3593 43.7741 3.3822 3.6825
48.4269 43.8477 3.3822 3.6825
48.4945 43.9213 3.3822 3.6825
48.5621 43.9949 3.3822 3.6825
48.6297 44.0685 3.3822 3.6825
48.6973 44.1421 3.3822 3.6825
48.7649 44.2157 3.3822 3.6825
48.8325 44.2893 3.3822 3.6825
48.9001 44.3629 3.3822 3.6825
48.9677 44.4365 3.3822 3.6825
49.0353 44.5101 3.3822 3.6825
49.1029 44.5837 3.3822 3.6825
49.1705 44.6573 3.3822 3.6825
49.2381 44.7309 3.3822 3.6825
49.3057 44.8045 3.3822 3.6825
49.3733 44.8781 3.3822 3.6825
49.4409 44.9517 3.3822 3.6825
49.5085 45.0253 3.3822 3.6825
49.5761 45.0989 3.3822 3.6825
49.6437 45.1725 3.3822 3.6825
49.7113 45.2461 3.3822 3.6825
49.7789 45.3197 3.3822 3.6825
49.8465 45.3933 3.3822 3.6825
49.9141 45.4669 3.3822 3.6825
49.9817 45.5405 3.3822 3.6825
50.0493 45.6141 3.3822 3.6825
50.1169 45.6877 3.3822 3.6825
50.1845 45.7613 3.3822 3.6825
50.2521 45.8349 3.3822 3.6825
50.3197 45.9085 3.3822 3.6825
50.3873 45.9821 3.3822 3.6825
50.4549 46.0557 3.3822 3.6825
50.5225 46.1293 3.3822 3.6825
50.5901 46.2029 3.3822 3.6825
50.6577 46.2765 3.3822 3.6825
50.7253 46.3501 3.3822 3.6825
50.7929 46.4237 3.3822 3.6825
50.8605 46.4973 3.3822 3.6825
50.9281 46.5709 3.3822 3.6825
50.9957 46.6445 3.3822 3.6825
51.0633 46.7181 3.3822 3.6825
51.1309 46.7917 3.3822 3.6825
51.1985 46.8653 3.3822 3.6825
51.2661 46.9390 3.3822 3.6825
51.3337 47.0126 3.3822 3.6825
51.4013 47.0862 3.3822 3.6825
51.4689 47.1598 3.3822 3.6825
51.5365 47.2334 3.3822 3.6825
51.6041 47.3070 3.3822 3.6825
51.6717 47.3806 3.3822 3.6825
51.7393 47.4542 3.3822 3.6825
51.8069 47.5278 3.3822 3.6825
51.8745 47.6014 3.3822 3.6825
51.9421 47.6750 3.3822 3.6825
52.0097 47.7486 3.3822 3.6825
52.0773 47.8222 3.3822 3.6825
52.1449 47.8958 3.3822 3.6825
52.2125 47.9694 3.3822 3.6825
52.2801 48.0430 3.3822 3.6825
52.3477 48.1166 3.3822 3.6825
52.4153 48.1902 3.3822 3.6825
52.4829 48.2638 3.3822 3.6825
52.5505 48.3374 3.3822 3.6825
52.6181 48.4110 3.3822 3.6825
52.6857 48.4846 3.3822 3.6825
52.7533 48.5582 3.3822 3.6825
52.8209 48.6318 3.3822 3.6825
52.8885 48.7054 3.3822 3.6825
52.9561 48.7790 3.3822 3.6825
53.0237 48.8526 3.3822 3.6825
53.0913 48.9262 3.3822 3.6825
53.1589 48.9998 3.3822 3.6825
53.2265 49.0734 3.3822 3.6825
53.2941 49.1470 3.3822 3.6825
53.3617 49.2206 3.3822 3.6825
53.4293 49.2942 3.3822 3.6825
53.4969 49.3678 3.3822 3.6825
53.5645 49.4414 3.3822 3.6825
53.6321 49.5150 3.3822 3.6825
53.6997 49.5886 3.3822 3.6825
53.7673 49.6622 3.3822 3.6825
53.8349 49.7358 3.3822 3.6825
53.9025 49.8094 3.3822 3.6825
53.9701 49.8830 3.3822 3.6825
54.0377 49.9566 3.3822 3.6825
54.1053 50.0303 3.3822 3.6825
54.1729 50.1039 3.3822 3.6825
54.2405 50.1775 3.3822 3.6825
54.3081 50.2511 3.3822 3.6825
54.3757 50.3247 3.3822 3.6825
54.4433 50.3983 3.3822 3.6825
54.5109 50.4719 3.3822 3.6825
54.5785 50.5455 3.3822 3.6825
54.6461 50.6191 3.3822 3.6825
54.7137 50.6927 3.3822 3.6825
54.7813 50.7663 3.3822 3.6825
54.8489 50.8399 3.3822 3.6825
54.9165 50.9135 3.3822 3.6825
54.9841 50.9871 3.3822 3.6825
55.0517 51.0607 3.3822 3.6825
55.1193 51.1343 3.3822 3.6825
55.1869 51.2079 3.3822 3.6825
55.2545 51.2815 3.3822 3.6825
55.3221 51.3551 3.3822 3.6825
55.3897 51.4287 3.3822 3.6825
55.4573 51.5023 3.3822 3.6825
55.5249 51.5759 3.3822 3.6825
55.5925 51.6495 3.3822 3.6825
55.6601 51.7231 3.3822 3.6825
55.7277 51.7967 3.3822 3.6825
55.7953 51.8703 3.3822 3.6825
55.8629 51.9439 3.3822 3.6825
55.9305 52.0175 3.3822 3.6825
55.9981 52.0911 3.3822 3.6825
56.0657 52.1647 3.3822 3.6825
56.1333 52.2383 3.3822 3.6825
56.2009 52.3119 3.3822 3.6825
56.2685 52.3855 3.3822 3.6825
56.3361 52.4591 3.3822 3.6825
56.4037 52.5327 3.3822 3.6825
56.4713 52.6063 3.3822 3.6825
56.5389 52.6799 3.3822 3.6825
56.6065 52.7535 3.3822 3.6825
56.6741 52.8271 3.3822 3.6825
56.7417 52.9007 3.3822 3.6825
56.8093 52.9743 3.3822 3.6825
56.8769 53.0479 3.3822 3.6825
56.9445 53.1216 3.3822 3.6825
57.0121 53.1952 3.3822 3.6825
57.0797 53.2688 3.3822 3.6825
57.1473 53.3424 3.3822 3.6825
57.2149 53.4160 3.3822 3.6825
57.2825 53.4896 3.3822 3.6825
57.3501 53.5632 3.3822 3.6825
57.4177 53.6368 3.3822 3.6825
57.4853 53.7104 3.3822 3.6825
57.5529 53.7840 3.3822 3.6825
57.6205 53.8576 3.3822 3.6825
57.6881 53.9312 3.3822 3.6825
57.7557 54.0048 3.3822 3.6825
57.8233 54.0784 3.3822 3.6825
57.8909 54.1520 3.3822 3.6825
57.9585 54.2256 3.3822 3.6825
58.0261 54.2992 3.3822 3.6825
58.0937 54.3728 3.3822 3.6825
58.1613 54.4464 3.3822 3.6825
58.2289 54.5200 3.3822 3.6825
58.2965 54.5936 3.3822 3.6825
58.3641 54.6672 3.3822 3.6825
58.4317 54.7408 3.3822 3.6825
58.4993 54.8144 3.3822 3.6825
58.5669 54.8880 3.3822 3.6825
58.6345 54.9616 3.3822 3.6825
58.7021 55.0352 3.3822 3.6825
58.7697 55.1088 3.3822 3.6825
58.8373 55.1824 3.3822 3.6825
58.9049 55.2560 3.3822 3.6825
58.9725 55.3296 3.3822 3.6825
59.0401 55.4032 3.3822 3.6825
59.1077 55.4768 3.3822 3.6825
59.1753 55.5504 3.3822 3.6825
59.2429 55.6240 3.3822 3.6825
59.3105 55.6976 3.3822 3.6825
59.3781 55.7712 3.3822 3.6825
59.4457 55.8448 3.3822 3.6825
59.5133 55.9184 3.3822 3.6825
59.5809 55.9920 3.3822 3.6825
59.6485 56.0656 3.3822 3.6825
59.7161 56.1392 3.3822 3.6825
59.7837 56.2128 3.3822 3.6825
59.8513 56.2865 3.3822 3.6825
59.9189 56.3601 3.3822 3.6825
59.9865 56.4337 3.3822 3.6825
60.0541 56.5073 3.3822 3.6825
60.1217 56.5809 3.3822 3.6825
60.1893 56.6545 3.3822 3.6825
60.2569 56.7281 3.3822 3.6825
60.3245 56.8017 3.3822 3.6825
60.3921 56.8753 3.3822 3.6825
60.4597 56.9489 3.3822 3.6825
60.5273 57.0225 3.3822 3.6825
60.5949 57.0961 3.3822 3.6825
60.6625 57.1697 3.3822 3.6825
60.7301 57.2433 3.3822 3.6825
60.7977 57.3169 3.3822 3.6825
60.8653 57.3905 3.3822 3.6825
60.9329 57.4641 3.3822 3.6825
61.0005 57.5377 3.3822 3.6825
61.0681 57.6113 3.3822 3.6825
61.1357 57.6849 3.3822 3.6825
61.2033 57.7585 3.3822 3.6825
61.2709 57.8321 3.3822 3.6825
61.3385 57.9057 3.3822 3.6825
61.4061 57.9793 3.3822 3.6825
61.4737 58.0529 3.3822 3.6825
61.5413 58.1265 3.3822 3.6825
61.6089 58.2001 3.3822 3.6825
61.6765 58.2737 3.3822 3.6825
61.7441 58.3473 3.3822 3.6825
61.8117 58.4209 3.3822 3.6825
61.8793 58.4945 3.3822 3.6825
61.9469 58.5681 3.3822 3.6825
62.0145 58.6417 3.3822 3.6825
62.0821 58.7153 3.3822 3.6825
62.1497 58.7889 3.3822 3.6825
62.2173 58.8625 3.3822 3.6825
62.2849 58.9361 3.3822 3.6825
62.3525 59.0097 3.3822 3.6825
62.4201 59.0833 3.3822 3.6825
62.4877 59.1569 3.3822 3.6825
62.5553 59.2305 3.3822 3.6825
62.6229 59.3041 3.3822 3.6825
62.6905 59.3778 3.3822 3.6825
62.7581 59.4514 3.3822 3.6825
62.8257 59.5250 3.3822 3.6825
62.8933 59.5986 3.3822 3.6825
62.9609 59.6722 3.3822 3.6825
63.0285 59.7458 3.3822 3.6825
63.0961 59.8194 3.3822 3.6825
63.1637 59.8930 3.3822 3.6825
63.2313 59.9666 3.3822 3.6825
63.2989 60.0402 3.3822 3.6825
63.3665 60.1138 3.3822 3.6825
63.4341 60.1874 3.3822 3.6825
63.5017 60.2610 3.3822 3.6825
63.5693 60.3346 3.3822 3.6825
63.6369 60.4082 3.3822 3.6825
63.7045 60.4818 3.3822 3.6825
63.7721 60.5554 3.3822 3.6825
63.8397 60.6290 3.3822 3.6825
63.9073 60.7026 3.3822 3.6825
63.9749 60.7762 3.3822 3.6825
64.0425 60.8498 3.3822 3.6825
64.1101 60.9234 3.3822 3.6825
64.1777 60.9970 3.3822 3.6825
64.2453 61.0706 3.3822 3.6825
64.3129 61.1442 3.3822 3.6825
64.3805 61.2178 3.3822 3.6825
64.4481 61.2914 3.3822 3.6825
64.5157 61.3650 3.3822 3.6825
64.5833 61.4386 3.3822 3.6825
64.6509 61.5122 3.3822 3.6825
64.7185 61.5858 3.3822 3.6825
64.7861 61.6594 3.3822 3.6825
64.8537 61.7330 3.3822 3.6825
64.9213 61.8066 3.3822 3.6825
64.9889 61.8802 3.3822 3.6825
65.0565 61.9538 3.3822 3.6825
65.1241 62.0274 3.3822 3.6825
65.1917 62.1010 3.3822 3.6825
65.2593 62.1746 3.3822 3.6825
65.3269 62.2482 3.3822 3.6825
65.3945 62.3218 3.3822 3.6825
65.4621 62.3954 3.3822 3.6825
65.5297 62.4690 3.3822 3.6825
65.5973 62.5427 3.3822 3.6825
65.6649 62.6163 3.3822 3.6825
65.7325 62.6899 3.3822 3.6825
65.8001 62.7635 3.3822 3.6825
65.8677 62.8371 3.3822 3.6825
65.9353 62.9107 3.3822 3.6825
66.0029 62.9843 3.3822 3.6825
66.0705 63.0579 3.3822 3.6825
66.1381 63.1315 3.3822 3.6825
66.2057 63.2051 3.3822 3.6825
66.2733 63.2787 3.3822 3.6825
66.3409 63.3523 3.3822 3.6825
66.4085 63.4259 3.3822 3.6825
66.4761 63.4995 3.3822 3.6825
66.5437 63.5731 3.3822 3.6825
66.6113 63.6467 3.3822 3.6825
66.6789 63.7203 3.3822 3.6825
66.7465 63.7939 3.3822 3.6825
66.8141 63.8675 3.3822 3.6825
66.8817 63.9411 3.3822 3.6825
66.9493 64.0147 3.3822 3.6825
67.0169 64.0883 3.3822 3.6825
67.0845 64.1619 3.3822 3.6825
67.1521 64.2355 3.3822 3.6825
67.2197 64.3091 3.3822 3.6825
67.2873 64.3827 3.3822 3.6825
67.3549 64.4563 3.3822 3.6825
67.4225 64.5299 3.3822 3.6825
67.4901 64.6035 3.3822 3.6825
67.5577 64.6771 3.3822 3.6825
67.6253 64.7507 3.3822 3.6825
67.6929 64.8243 3.3822 3.6825
67.7605 64.8979 3.3822 3.6825
67.8281 64.9715 3.3822 3.6825
67.8957 65.0451 3.3822 3.6825
67.9633 65.1187 3.3822 3.6825
68.0309 65.1923 3.3822 3.6825
68.0985 65.2659 3.3822 3.6825
68.1661 65.3395 3.3822 3.6825
68.2337 65.4131 3.3822 3.6825
68.3013 65.4867 3.3822 3.6825
68.3689 65.5603 3.3822 3.6825
68.4365 65.6340 3.3822 3.6825
68.5041 65.7076 3.3822 3.6825
68.5717 65.7812 3.3822 3.6825
68.6393 65.8548 3.3822 3.6825
68.7069 65.9284 3.3822 3.6825
68.7745 66.0020 3.3822 3.6825
68.8421 66.0756 3.3822 3.6825
68.9097 66.1492 3.3822 3.6825
68.9773 66.2228 3.3822 3.6825
69.0449 66.2964 3.3822 3.6825
69.1125 66.3700 3.3822 3.6825
69.1801 66.4436 3.3822 3.6825
69.2477 66.5172 3.3822 3.6825
69.3153 66.5908 3.3822 3.6825
69.3829 66.6644 3.3822 3.6825
69.4505 66.7380 3.3822 3.6825
69.5181 66.8116 3.3822 3.6825
69.5857 66.8852 3.3822 3.6825
69.6533 66.9588 3.3822 3.6825
69.7209 67.0324 3.3822 3.6825
69.7885 67.1060 3.3822 3.6825
69.8561 67.1796 3.3822 3.6825
69.9237 67.2532 3.3822 3.6825
69.9913 67.3268 3.3822 3.6825
70.0589 67.4004 3.3822 3.6825
70.1265 67.4740 3.3822 3.6825
70.1941 67.5476 3.3822 3.6825
70.2617 67.6212 3.3822 3.6825
70.3293 67.6948 3.3822 3.6825
70.3969 67.7684 3.3822 3.6825
70.4645 67.8420 3.3822 3.6825
70.5321 67.9156 3.3822 3.6825
70.5997 67.9892 3.3822 3.6825
70.6673 68.0628 3.3822 3.6825
70.7349 68.1364 3.3822 3.6825
70.8025 68.2100 3.3822 3.6825
70.8701 68.2836 3.3822 3.6825
70.9377 68.3572 3.3822 3.6825
71.0053 68.4308 3.3822 3.6825
71.0729 68.5044 3.3822 3.6825
71.1405 68.5780 3.3822 3.6825
71.2081 68.6516 3.3822 3.6825
71.2757 68.7253 3.3822 3.6825
71.3433 68.7989 3.3822 3.6825
71.4109 68.8725 3.3822 3.6825
71.4785 68.9461 3.3822 3.6825
71.5461 69.0197 3.3822 3.6825
71.6137 69.0933 3.3822 3.6825
71.6813 69.1669 3.3822 3.6825
71.7489 69.2405 3.3822 3.6825
71.8165 69.3141 3.3822 3.6825
71.8841 69.3877 3.3822 3.6825
71.9517 69.4613 3.3822 3.6825
72.0193 69.5349 3.3822 3.6825
72.0869 69.6085 3.3822 3.6825
72.1545 69.6821 3.3822 3.6825
72.2221 69.7557 3.3822 3.6825
72.2897 69.8293 3.3822 3.6825
72.3573 69.9029 3.3822 3.6825
72.4249 69.9765 3.3822 3.6825
72.4925 70.0501 3.3822 3.6825
72.5601 70.1237 3.3822 3.6825
72.6277 70.1973 3.3822 3.6825
72.6953 70.2709 3.3822 3.6825
72.7629 70.3445 3.3822 3.6825
72.8305 70.4181 3.3822 3.6825
72.8981 70.4917 3.3822 3.6825
72.9657 70.5653 3.3822 3.6825
73.0333 70.6389 3.3822 3.6825
73.1009 70.7125 3.3822 3.6825
73.1685 70.7861 3.3822 3.6825
73.2361 70.8597 3.3822 3.6825
73.3037 70.9333 3.3822 3.6825
73.3713 71.0069 3.3822 3.6825
73.4389 71.0805 3.3822 3.6825
73.5065 71.1541 3.3822 3.6825
73.5741 71.2277 3.3822 3.6825
73.6417 71.3013 3.3822 3.6825
73.7093 71.3749 3.3822 3.6825
73.7769 71.4485 3.3822 3.6825
73.8445 71.5221 3.3822 3.6825
73.9121 71.5957 3.3822 3.6825
73.9797 71.6693 3.3822 3.6825
74.0473 71.7429 3.3822 3.6825
74.1149 71.8165 3.3822 3.6825
74.1825 71.8902 3.3822 3.6825
74.2501 71.9638 3.3822 3.6825
74.3177 72.0374 3.3822 3.6825
74.3853 72.1110 3.3822 3.6825
74.4529 72.1846 3.3822 3.6825
74.5205 72.2582 3.3822 3.6825
74.5881 72.3318 3.3822 3.6825
74.6557 72.4054 3.3822 3.6825
74.7233 72.4790 3.3822 3.6825
74.7909 72.5526 3.3822 3.6825
74.8585 72.6262 3.3822 3.6825
74.9261 72.6998 3.3822 3.6825
74.9937 72.7734 3.3822 3.6825
75.0613 72.8470 3.3822 3.6825
75.1289 72.9206 3.3822 3.6825
75.1965 72.9942 3.3822 3.6825
75.2641 73.0678 3.3822 3.6825
75.3317 73.1414 3.3822 3.6825
75.3993 73.2150 3.3822 3.6825
75.4669 73.2886 3.3822 3.6825
75.5345 73.3622 3.3822 3.6825
75.6021 73.4358 3.3822 3.6825
75.6697 73.5094 3.3822 3.6825
75.7373 73.5830 3.3822 3.6825
75.8049 73.6566 3.3822 3.6825
75.8725 73.7302 3.3822 3.6825
75.9401 73.8038 3.3822 3.6825
76.0077 73.8774 3.3822 3.6825
76.0753 73.9510 3.3822 3.6825
76.1429 74.0246 3.3822 3.6825
76.2105 74.0982 3.3822 3.6825
76.2781 74.1718 3.3822 3.6825
76.3457 74.2454 3.3822 3.6825
76.4133 74.3190 3.3822 3.6825
76.4809 74.3926 3.3822 3.6825
76.5485 74.4662 3.3822 3.6825
76.6161 74.5398 3.3822 3.6825
76.6837 74.6134 3.3822 3.6825
76.7513 74.6870 3.3822 3.6825
76.8189 74.7606 3.3822 3.6825
76.8865 74.8342 3.3822 3.6825
76.9541 74.9078 3.3822 3.6825
77.0217 74.9815 3.3822 3.6825
77.0893 75.0551 3.3822 3.6825
77.1569 75.1287 3.3822 3.6825
77.2245 75.2023 3.3822 3.6825
77.2921 75.2759 3.3822 3.6825
77.3597 75.3495 3.3822 3.6825
77.4273 75.4231 3.3822 3.6825
77.4949 75.4967 3.3822 3.6825
77.5625 75.5703 3.3822 3.6825
77.6301 75.6439 3.3822 3.6825
77.6977 75.7175 3.3822 3.6825
77.7653 75.7911 3.3822 3.6825
77.8329 75.8647 3.3822 3.6825
77.9005 75.9383 3.3822 3.6825
77.9681 76.0119 3.3822 3.6825
78.0357 76.0855 3.3822 3.6825
78.1033 76.1591 3.3822 3.6825
78.1709 76.2327 3.3822 3.6825
78.2385 76.3063 3.3822 3.6825
78.3061 76.3799 3.3822 3.6825
78.3737 76.4535 3.3822 3.6825
78.4413 76.5271 3.3822 3.6825
78.5089 76.6007 3.3822 3.6825
78.5765 76.6743 3.3822 3.6825
78.6441 76.7479 3.3822 3.6825
78.7117 76.8215 3.3822 3.6825
78.7793 76.8951 3.3822 3.6825
78.8469 76.9687 3.3822 3.6825
78.9145 77.0423 3.3822 3.6825
78.9821 77.1159 3.3822 3.6825
79.0497 77.1895 3.3822 3.6825
79.1173 77.2631 3.3822 3.6825
79.1849 77.3367 3.3822 3.6825
79.2525 77.4103 3.3822 3.6825
79.3201 77.4839 3.3822 3.6825
79.3877 77.5575 3.3822 3.6825
79.4553 77.6311 3.3822 3.6825
79.5229 77.7047 3.3822 3.6825
79.5905 77.7783 3.3822 3.6825
79.6581 77.8519 3.3822 3.6825
79.7257 77.9255 3.3822 3.6825
79.7933 77.9991 3.3822 3.6825
79.8609 78.0728 3.3822 3.6825
79.9285 78.1464 3.3822 3.6825
79.9961 78.2200 3.3822 3.6825
80.0637 78.2936 3.3822 3.6825
80.1313 78.3672 3.3822 3.6825
80.1989 78.4408 3.3822 3.6825
80.2665 78.5144 3.3822 3.6825
80.3341 78.5880 3.3822 3.6825
80.4017 78.6616 3.3822 3.6825
80.4693 78.7352 3.3822 3.6825
80.5369 78.8088 3.3822 3.6825
80.6045 78.8824 3.3822 3.6825
80.6721 78.9560 3.3822 3.6825
80.7397 79.0296 3.3822 3.6825
80.8073 79.1032 3.3822 3.6825
80.8749 79.1768 3.3822 3.6825
80.9425 79.2504 3.3822 3.6825
81.0101 79.3240 3.3822 3.6825
81.0777 79.3976 3.3822 3.6825
81.1453 79.4712 3.3822 3.6825
81.2129 79.5448 3.3822 3.6825
81.2805 79.6184 3.3822 3.6825
81.3481 79.6920 3.3822 3.6825
81.4157 79.7656 3.3822 3.6825
81.4833 79.8392 3.3822 3.6825
81.5509 79.9128 3.3822 3.6825
81.6185 79.9864 3.3822 3.6825
81.6861 80.0600 3.3822 3.6825
81.7537 80.1336 3.3822 3.6825
81.8213 80.2072 3.3822 3.6825
81.8889 80.2808 3.3822 3.6825
81.9565 80.3544 3.3822 3.6825
82.0241 80.4280 3.3822 3.6825
82.0917 80.5016 3.3822 3.6825
82.1593 80.5752 3.3822 3.6825
82.2269 80.6488 3.3822 3.6825
82.2945 80.7224 3.3822 3.6825
82.3621 80.7960 3.3822 3.6825
82.4297 80.8696 3.3822 3.6825
82.4973 80.9432 3.3822 3.6825
82.5649 81.0168 3.3822 3.6825
82.6325 81.0904 3.3822 3.6825
82.7001 81.1640 3.3822 3.6825
82.7677 81.2377 3.3822 3.6825
82.8353 81.3113 3.3822 3.6825
82.9029 81.3849 3.3822 3.6825
82.9705 81.4585 3.3822 3.6825
83.0381 81.5321 3.3822 3.6825
83.1057 81.6057 3.3822 3.6825
83.1733 81.6793 3.3822 3.6825
83.2409 81.7529 3.3822 3.6825
83.3085 81.8265 3.3822 3.6825
83.3761 81.9001 3.3822 3.6825
83.4437 81.9737 3.3822 3.6825
83.5113 82.0473 3.3822 3.6825
83.5789 82.1209 3.3822 3.6825
83.6465 82.1945 3.3822 3.6825
83.7141 82.2681 3.3822 3.6825
83.7817 82.3417 3.3822 3.6825
83.8493 82.4153 3.3822 3.6825
83.9169 82.4889 3.3822 3.6825
83.9845 82.5625 3.3822 3.6825
84.0521 82.6361 3.3822 3.6825
84.1197 82.7097 3.3822 3.6825
84.1873 82.7833 3.3822 3.6825
84.2549 82.8569 3.3822 3.6825
84.3225 82.9305 3.3822 3.6825
84.3901 83.0041 3.3822 3.6825
84.4577 83.0777 3.3822 3.6825
84.5253 83.1513 3.3822 3.6825
84.5929 83.2249 3.3822 3.6825
84.6605 83.2985 3.3822 3.6825
84.7281 83.3721 3.3822 3.6825
84.7957 83.4457 3.3822 3.6825
84.8633 83.5193 3.3822 3.6825
84.9309 83.5929 3.3822 3.6825
84.9985 83.6665 3.3822 3.6825
85.0661 83.7401 3.3822 3.6825
85.1337 83.8137 3.3822 3.6825
85.2013 83.8873 3.3822 3.6825
85.2689 83.9609 3.3822 3.6825
85.3365 84.0345 3.3822 3.6825
85.4041 84.1081 3.3822 3.6825
85.4717 84.1817 3.3822 3.6825
85.5393 84.2553 3.3822 3.6825
85.6069 84.3290 3.3822 3.6825
85.6745 84.4026 3.3822 3.6825
85.7421 84.4762 3.3822 3.6825
85.8097 84.5498 3.3822 3.6825
85.8773 84.6234 3.3822 3.6825
85.9449 84.6970 3.3822 3.6825
86.0125 84.7706 3.3822 3.6825
86.0801 84.8442 3.3822 3.6825
86.1477 84.9178 3.3822 3.6825
86.2153 84.9914 3.3822 3.6825
86.2829 85.0650 3.3822 3.6825
86.3505 85.1386 3.3822 3.6825
86.4181 85.2122 3.3822 3.6825
86.4857 85.2858 3.3822 3.6825
86.5533 85.3594 3.3822 3.6825
86.6209 85.4330 3.3822 3.6825
86.6885 85.5066 3.3822 3.6825
86.7561 85.5802 3.3822 3.6825
86.8237 85.6538 3.3822 3.6825
86.8913 85.7274 3.3822 3.6825
86.9589 85.8010 3.3822 3.6825
87.0265 85.8746 3.3822 3.6825
87.0941 85.9482 3.3822 3.6825
87.1617 86.0218 3.3822 3.6825
87.2293 86.0954 3.3822 3.6825
87.2969 86.1690 3.3822 3.6825
87.3645 86.2426 3.3822 3.6825
87.4321 86.3162 3.3822 3.6825
87.4997 86.3898 3.3822 3.6825
87.5673 86.4634 3.3822 3.6825
87.6349 86.5370 3.3822 3.6825
87.7025 86.6106 3.3822 3.6825
87.7701 86.6842 3.3822 3.6825
87.8377 86.7578 3.3822 3.6825
87.9053 86.8314 3.3822 3.6825
87.9729 86.9050 3.3822 3.6825
88.0405 86.9786 3.3822 3.6825
88.1081 87.0522 3.3822 3.6825
88.1757 87.1258 3.3822 3.6825
88.2433 87.1994 3.3822 3.6825
88.3109 87.2730 3.3822 3.6825
88.3785 87.3466 3.3822 3.6825
88.4461 87.4203 3.3822 3.6825
88.5137 87.4939 3.3822 3.6825
88.5813 87.5675 3.3822 3.6825
88.6489 87.6411 3.3822 3.6825
88.7165 87.7147 3.3822 3.6825
88.7841 87.7883 3.3822 3.6825
88.8517 87.8619 3.3822 3.6825
88.9193 87.9355 3.3822 3.6825
88.9869 88.0091 3.3822 3.6825
89.0545 88.0827 3.3822 3.6825
89.1221 88.1563 3.3822 3.6825
89.1897 88.2299 3.3822 3.6825
89.2573 88.3035 3.3822 3.6825
89.3249 88.3771 3.3822 3.6825
89.3925 88.4507 3.3822 3.6825
89.4601 88.5243 3.3822 3.6825
89.5277 88.5979 3.3822 3.6825
89.5953 88.6715 3.3822 3.6825
89.6629 88.7451 3.3822 3.6825
89.7305 88.8187 3.3822 3.6825
89.7981 88.8923 3.3822 3.6825
89.8657 88.9659 3.3822 3.6825
89.9333 89.0395 3.3822 3.6825
90.0009 89.1131 3.3822 3.6825
90.0685 89.1867 3.3822 3.6825
90.1361 89.2603 3.3822 3.6825
90.2037 89.3339 3.3822 3.6825
90.2713 89.4075 3.3822 3.6825
90.3389 89.4811 3.3822 3.6825
90.4065 89.5547 3.3822 3.6825
90.4741 89.6283 3.3822 3.6825
90.5417 89.7019 3.3822 3.6825
90.6093 89.7755 3.3822 3.6825
90.6769 89.8491 3.3822 3.6825
90.7445 89.9227 3.3822 3.6825
90.8121 89.9963 3.3822 3.6825
90.8797 90.0699 3.3822 3.6825
90.9473 90.1435 3.3822 3.6825
91.0149 90.2171 3.3822 3.6825
91.0825 90.2907 3.3822 3.6825
91.1501 90.3643 3.3822 3.6825
91.2177 90.4379 3.3822 3.6825
91.2853 90.5115 3.3822 3.6825
91.3529 90.5852 3.3822 3.6825
91.4205 90.6588 3.3822 3.6825
91.4881 90.7324 3.3822 3.6825
91.5557 90.8060 3.3822 3.6825
91.6233 90.8796 3.3822 3.6825
91.6909 90.9532 3.3822 3.6825
91.7585 91.0268 3.3822 3.6825
91.8261 91.1004 3.3822 3.6825
91.8937 91.1740 3.3822 3.6825
91.9613 91.2476 3.3822 3.6825
92.0289 91.3212 3.3822 3.6825
92.0965 91.3948 3.3822 3.6825
92.1641 91.4684 3.3822 3.6825
92.2317 91.5420 3.3822 3.6825
92.2993 91.6156 3.3822 3.6825
92.3669 91.6892 3.3822 3.6825
92.4345 91.7628 3.3822 3.6825
92.5021 91.8364 3.3822 3.6825
92.5697 91.9100 3.3822 3.6825
92.6373 91.9836 3.3822 3.6825
92.7049 92.0572 3.3822 3.6825
92.7725 92.1308 3.3822 3.6825
92.8401 92.2044 3.3822 3.6825
92.9077 92.2780 3.3822 3.6825
92.9753 92.3516 3.3822 3.6825
93.0429 92.4252 3.3822 3.6825
93.1105 92.4988 3.3822 3.6825
93.1781 92.5724 3.3822 3.6825
93.2457 92.6460 3.3822 3.6825
93.3133 92.7196 3.3822 3.6825
93.3809 92.7932 3.3822 3.6825
93.4485 92.8668 3.3822 3.6825
93.5161 92.9404 3.3822 3.6825
93.5837 93.0140 3.3822 3.6825
93.6513 93.0876 3.3822 3.6825
93.7189 93.1612 3.3822 3.6825
93.7865 93.2348 3.3822 3.6825
93.8541 93.3084 3.3822 3.6825
93.9217 93.3820 3.3822 3.6825
93.9893 93.4556 3.3822 3.6825
94.0569 93.5292 3.3822 3.6825
94.1245 93.6028 3.3822 3.6825
94.1921 93.6765 3.3822 3.6825
94.2597 93.7501 3.3822 3.6825
94.3273 93.8237 3.3822 3.6825
94.3949 93.8973 3.3822 3.6825
94.4625 93.9709 3.3822 3.6825
94.5301 94.0445 3.3822 3.6825
94.5977 94.1181 3.3822 3.6825
94.6653 94.1917 3.3822 3.6825
94.7329 94.2653 3.3822 3.6825
94.8005 94.3389 3.3822 3.6825
94.8681 94.4125 3.3822 3.6825
94.9357 94.4861 3.3822 3.6825
95.0033 94.5597 3.3822 3.6825
95.0709 94.6333 3.3822 3.6825
95.1385 94.7069 3.3822 3.6825
95.2061 94.7805 3.3822 3.6825
95.2737 94.8541 3.3822 3.6825
95.3413 94.9277 3.3822 3.6825
95.4089 95.0013 3.3822 3.6825
95.4765 95.0749 3.3822 3.6825
95.5441 95.1485 3.3822 3.6825
95.6117 95.2221 3.3822 3.6825
95.6793 95.2957 3.3822 3.6825
95.7469 95.3693 3.3822 3.6825
95.8145 95.4429 3.3822 3.6825
95.8821 95.5165 3.3822 3.6825
95.9497 95.5901 3.3822 3.6825
96.0173 95.6637 3.3822 3.6825
96.0849 95.7373 3.3822 3.6825
96.1525 95.8109 3.3822 3.6825
96.2201 95.8845 3.3822 3.6825
96.2877 95.9581 3.3822 3.6825
96.3553 96.0317 3.3822 3.6825
96.4229 96.1053 3.3822 3.6825
96.4905 96.1789 3.3822 3.6825
96.5581 96.2525 3.3822 3.6825
96.6257 96.3261 3.3822 3.6825
96.6392 96.3408 0.6764 0.7365
96.6527 96.3555 0.6764 0.7365
96.6662 96.3702 0.6764 0.7365
96.6797 96.3849 0.6764 0.7365
96.6932 96.3996 0.6764 0.7365
96.7067 96.4143 0.6764 0.7365
96.7202 96.4290 0.6764 0.7365
96.7337 96.4437 0.6764 0.7365
96.7472 96.4584 0.6764 0.7365
96.7607 96.4731 0.6764 0.7365
96.7742 96.4878 0.6764 0.7365
96.7877 96.5025 0.6764 0.7365
96.8012 96.5172 0.6764 0.7365
96.8147 96.5319 0.6764 0.7365
96.8282 96.5466 0.6764 0.7365
96.8417 96.5613 0.6764 0.7365
96.8552 96.5760 0.6764 0.7365
96.8687 96.5907 0.6764 0.7365
96.8822 96.6054 0.6764 0.7365
96.8957 96.6201 0.6764 0.7365
96.9092 96.6348 0.6764 0.7365
96.9227 96.6495 0.6764 0.7365
96.9362 96.6642 0.6764 0.7365
96.9497 96.6789 0.6764 0.7365
96.9632 96.6936 0.6764 0.7365
96.9767 96.7083 0.6764 0.7365
96.9902 96.7230 0.6764 0.7365
97.0037 96.7377 0.6764 0.7365
97.0172 96.7524 0.6764 0.7365
97.0307 96.7671 0.6764 0.7365
97.0442 96.7818 0.6764 0.7365
97.0577 96.7965 0.6764 0.7365
97.0712 96.8112 0.6764 0.7365
97.0847 96.8259 0.6764 0.7365
97.0982 96.8406 0.6764 0.7365
97.1117 96.8553 0.6764 0.7365
97.1252 96.8700 0.6764 0.7365
97.1387 96.8847 0.6764 0.7365
97.1522 96.8994 0.6764 0.7365
97.1657 96.9141 0.6764 0.7365
97.1792 96.9288 0.6764 0.7365
97.1927 96.9435 0.6764 0.7365
97.2062 96.9582 0.6764 0.7365
97.2197 96.9729 0.6764 0.7365
97.2332 96.9876 0.6764 0.7365
97.2467 97.0023 0.6764 0.7365
97.2602 97.0170 0.6764 0.7365
97.2737 97.0317 0.6764 0.7365
97.2872 97.0464 0.6764 0.7365
97.3007 97.0611 0.6764 0.7365
97.3142 97.0758 0.6764 0.7365
97.3277 97.0905 0.6764 0.7365
97.3412 97.1052 0.6764 0.7365
97.3547 97.1199 0.6764 0.7365
97.3682 97.1346 0.6764 0.7365
97.3817 97.1493 0.6764 0.7365
97.3952 97.1640 0.6764 0.7365
97.4087 97.1787 0.6764 0.7365
97.4222 97.1934 0.6764 0.7365
97.4357 97.2081 0.6764 0.7365
97.4492 97.2228 0.6764 0.7365
97.4627 97.2375 0.6764 0.7365
97.4762 97.2522 0.6764 0.7365
97.4897 97.2669 0.6765 0.7365
97.5032 97.2816 0.6765 0.7365
97.5167 97.2963 0.6765 0.7365
97.5302 97.3110 0.6765 0.7365
97.5437 97.3257 0.6765 0.7365
97.5572 97.3404 0.6765 0.7365
97.5707 97.3551 0.6765 0.7365
97.5842 97.3698 0.6765 0.7365
97.5977 97.3845 0.6765 0.7365
97.6112 97.3992 0.6765 0.7365
97.6247 97.4139 0.6765 0.7365
97.6382 97.4286 0.6765 0.7365
97.6517 97.4433 0.6765 0.7365
97.6652 97.4580 0.6765 0.7365
97.6787 97.4727 0.6765 0.7365
97.6922 97.4874 0.6765 0.7365
97.7057 97.5021 0.6765 0.7365
97.7192 97.5168 0.6765 0.7365
97.7327 97.5315 0.6765 0.7365
97.7462 97.5462 0.6765 0.7365
97.7597 97.5609 0.6765 0.7365
97.7732 97.5756 0.6765 0.7365
97.7867 97.5903 0.6765 0.7365
97.8002 97.6050 0.6765 0.7365
97.8137 97.6197 0.6765 0.7365
97.8272 97.6344 0.6765 0.7365
97.8407 97.6491 0.6765 0.7365
97.8542 97.6638 0.6765 0.7365
97.8677 97.6785 0.6765 0.7365
97.8812 97.6932 0.6765 0.7365
97.8947 97.7079 0.6765 0.7365
97.9082 97.7226 0.6765 0.7365
97.9217 97.7373 0.6765 0.7365
97.9352 97.7520 0.6765 0.7365
97.9487 97.7667 0.6765 0.7365
97.9622 97.7814 0.6765 0.7365
97.9757 97.7961 0.6765 0.7365
97.9892 97.8108 0.6765 0.7365
98.0027 97.8255 0.6765 0.7365
98.0162 97.8402 0.6765 0.7365
98.0297 97.8549 0.6765 0.7365
98.0432 97.8696 0.6765 0.7365
98.0567 97.8843 0.6765 0.7365
98.0702 97.8990 0.6765 0.7365
98.0837 97.9137 0.6765 0.7365
98.0972 97.9284 0.6765 0.7365
98.1107 97.9431 0.6765 0.7365
98.1242 97.9578 0.6765 0.7365
98.1377 97.9725 0.6765 0.7365
98.1512 97.9872 0.6765 0.7365
98.1647 98.0019 0.6765 0.7365
98.1782 98.0166 0.6765 0.7365
98.1917 98.0313 0.6765 0.7365
98.2052 98.0460 0.6765 0.7365
98.2187 98.0607 0.6765 0.7365
98.2322 98.0754 0.6765 0.7365
98.2457 98.0901 0.6765 0.7365
98.2592 98.1048 0.6765 0.7365
98.2727 98.1195 0.6765 0.7365
98.2862 98.1342 0.6765 0.7365
98.2997 98.1489 0.6765 0.7365
98.3132 98.1636 0.6765 0.7365
98.3267 98.1783 0.6765 0.7365
98.3402 98.1930 0.6765 0.7365
98.3537 98.2077 0.6765 0.7365
98.3672 98.2224 0.6765 0.7365
98.3807 98.2371 0.6765 0.7365
98.3942 98.2518 0.6765 0.7365
98.4077 98.2665 0.6765 0.7365
98.4212 98.2812 0.6765 0.7365
98.4347 98.2959 0.6765 0.7365
98.4482 98.3106 0.6765 0.7365
98.4617 98.3253 0.6765 0.7365
98.4752 98.3400 0.6765 0.7365
98.4887 98.3547 0.6765 0.7365
98.5022 98.3694 0.6765 0.7365
98.5157 98.3841 0.6765 0.7365
98.5292 98.3988 0.6765 0.7365
98.5427 98.4135 0.6765 0.7365
98.5562 98.4282 0.6765 0.7365
98.5697 98.4429 0.6765 0.7365
98.5832 98.4576 0.6765 0.7365
98.5967 98.4723 0.6765 0.7365
98.6102 98.4870 0.6765 0.7365
98.6237 98.5017 0.6765 0.7365
98.6372 98.5164 0.6765 0.7365
98.6507 98.5311 0.6765 0.7365
98.6642 98.5458 0.6765 0.7365
98.6777 98.5605 0.6765 0.7365
98.6912 98.5752 0.6765 0.7365
98.7047 98.5899 0.6765 0.7365
98.7182 98.6046 0.6765 0.7364
98.7317 98.6193 0.6765 0.7364
98.7452 98.6340 0.6765 0.7364
98.7587 98.6487 0.6765 0.7364
98.7722 98.6634 0.6765 0.7364
98.7857 98.6781 0.6765 0.7364
98.7992 98.6928 0.6765 0.7364
98.8127 98.7075 0.6765 0.7364
98.8262 98.7222 0.6765 0.7364
98.8397 98.7369 0.6765 0.7364
98.8532 98.7516 0.6765 0.7364
98.8667 98.7663 0.6765 0.7364
98.8802 98.7810 0.6765 0.7364
98.8937 98.7957 0.6765 0.7364
98.9072 98.8104 0.6765 0.7364
98.9207 98.8251 0.6765 0.7364
98.9342 98.8398 0.6765 0.7364
98.9477 98.8545 0.6765 0.7364
98.9612 98.8692 0.6765 0.7364
98.9747 98.8839 0.6765 0.7364
98.9882 98.8986 0.6765 0.7364
99.0017 98.9133 0.6765 0.7364
99.0152 98.9280 0.6765 0.7364
99.0287 98.9427 0.6765 0.7364
99.0422 98.9574 0.6765 0.7364
99.0557 98.9721 0.6765 0.7364
99.0692 98.9868 0.6765 0.7364
99.0827 99.0015 0.6765 0.7364
99.0962 99.0162 0.6765 0.7364
99.1097 99.0309 0.6765 0.7364
99.1232 99.0456 0.6765 0.7364
99.1367 99.0603 0.6765 0.7364
99.1502 99.0750 0.6765 0.7364
99.1637 99.0897 0.6765 0.7364
99.1772 99.1044 0.6765 0.7364
99.1907 99.1191 0.6765 0.7364
99.2042 99.1338 0.6765 0.7364
99.2177 99.1485 0.6765 0.7364
99.2312 99.1632 0.6766 0.7364
99.2447 99.1779 0.6766 0.7364
99.2582 99.1926 0.6766 0.7364
99.2717 99.2073 0.6766 0.7364
99.2852 99.2220 0.6766 0.7364
99.2987 99.2367 0.6766 0.7364
99.3122 99.2514 0.6766 0.7364
99.3257 99.2661 0.6766 0.7364
99.3392 99.2808 0.6766 0.7364
99.3527 99.2955 0.6766 0.7364
99.3662 99.3102 0.6766 0.7364
99.3797 99.3249 0.6766 0.7364
99.3932 99.3396 0.6766 0.7364
99.4067 99.3543 0.6766 0.7364
99.4202 99.3690 0.6766 0.7364
99.4337 99.3837 0.6766 0.7363
99.4472 99.3984 0.6766 0.7363
99.4607 99.4131 0.6766 0.7363
99.4742 99.4278 0.6766 0.7363
99.4877 99.4425 0.6766 0.7363
99.5012 99.4572 0.6766 0.7363
99.5147 99.4719 0.6766 0.7363
99.5282 99.4866 0.6766 0.7363
99.5417 99.5013 0.6766 0.7363
99.5552 99.5160 0.6767 0.7363
99.5687 99.5307 0.6767 0.7363
99.5822 99.5454 0.6767 0.7363
99.5957 99.5601 0.6767 0.7363
99.6092 99.5748 0.6767 0.7363
99.6227 99.5895 0.6767 0.7363
99.6362 99.6042 0.6767 0.7363
99.6497 99.6189 0.6767 0.7362
99.6632 99.6336 0.6767 0.7362
